1 1.210702 4.529127 -1.036992 -0.205229 -2.145277 -1.764523 1.830049 0.960277 2.514548 
2 -2.241671 3.869682 -0.897532 4.020522 -2.264905 1.74323 -1.884133 -2.886926 -4.527031
3 -2.870354 -2.680457 -0.427148 -2.262846 4.756282 -4.449986 0.170515 3.700529 -0.303957
4 -0.396574 0.340903 -2.359262 3.423932 1.57054 -0.007895 -2.575735 -4.30247 -0.403657
5 -1.318343 4.930851 3.550711 2.727639 4.094272 4.977047 4.235823 -4.3546 -4.844682
6 4.121601 1.180881 -4.898192 2.135485 1.49729 -0.252665 -2.859572 -0.010333 -0.109653
7 -3.831334 -0.618285 2.292647 0.530486 2.85433 1.448411 -2.716317 -0.511602 1.910738
8 -0.430273 1.23576 -2.340062 -4.701409 0.719919 -1.466101 -1.387317 2.952109 -0.6869
9 -2.259261 0.175064 -2.297505 0.880473 -2.74596 -0.307957 2.949313 1.915303 3.03894
10 0.443031 3.288773 -4.968963 1.891217 -3.227166 3.800181 4.747453 -0.79237 1.421603
11 4.579706 -0.889153 4.636907 3.397937 -2.402902 -1.495741 -4.039422 -1.268788 1.178169
12 -0.533139 -0.302307 -4.402317 2.726561 4.77792 0.004331 -0.991777 4.776052 4.94411
13 2.071651 -3.857977 -4.491756 -2.978763 -3.74977 1.889793 1.320733 0.039153 1.18396
14 -0.112249 3.577599 -3.898206 4.148275 3.257399 4.16385 -3.651278 3.886986 0.610037
15 -2.084964 1.481483 1.966924 2.559017 -2.450034 0.143846 3.057552 -0.642178 2.562163
16 -0.012556 -1.977176 4.237295 -0.12667 -4.690458 1.943125 -0.309688 -1.950314 -2.418065
17 2.815728 2.313405 -2.367272 -2.413791 -0.954304 -0.973355 -0.595266 -1.43597 -1.66704
18 -4.078493 -3.409133 -1.01802 -0.878547 -2.592577 -0.724533 3.046692 0.762231 -4.976886
19 -1.53012 -0.055784 -4.60875 3.300134 -3.272226 2.2961 4.760146 -4.882516 0.146132
20 0.120895 -0.855541 -3.604157 -0.147465 1.124657 1.929954 -4.171856 -1.332734 3.220015
21 -4.814703 4.607275 -3.052947 0.879444 4.180916 -3.171848 -1.278486 -0.572964 2.576867
22 2.668325 0.049962 2.23274 -3.271413 -2.966921 -2.346599 -0.855537 -4.788884 -1.783549
23 -4.094155 -4.36732 -0.897133 -1.617328 -4.400431 -4.805963 4.538679 2.812307 0.168425
24 -1.374936 4.189136 4.855736 -2.781226 -1.885414 0.030597 3.924044 1.716366 -0.47012
25 4.369672 4.536599 -0.496567 -1.60864 3.139205 -1.983424 -0.210032 4.378182 0.08416
26 0.252049 2.190187 0.23541 3.192901 0.514757 0.421391 -0.515882 -4.77354 -4.039723
27 4.621156 -0.880802 0.091706 1.771375 -1.584865 1.299094 -2.798547 -0.253719 -1.2535
28 -2.139401 3.786619 0.822667 -1.980159 3.515543 -2.200578 -1.226412 3.441705 3.56092
29 0.229627 -1.331211 0.960811 2.633381 -0.552866 -1.552624 -0.971455 -1.896411 -0.360909
30 4.793652 -0.245668 2.213862 -3.014298 -1.209124 -2.564295 3.510816 -0.109028 -4.703597
31 -0.824011 3.795771 1.59263 3.895228 0.202662 -2.196873 3.808569 3.34626 -3.225683
32 -2.155799 -4.720508 -1.42446 0.523694 -4.987521 -2.181524 4.886405 2.502721 1.701627
33 4.872287 4.482833 1.580887 -0.46289 -1.33913 -2.063669 -4.59349 -0.203441 -1.225052
34 -1.091669 -4.918299 -3.126642 -1.161597 2.47752 0.53552 4.390876 -3.52689 0.386292
35 -3.434302 4.597941 0.736032 -2.454491 3.236087 -2.813875 4.147252 0.330323 4.664031
36 0.255738 0.517902 1.540548 -3.923191 3.409201 -0.549383 -0.195366 3.301187 -4.492755
37 -2.465983 -0.404783 0.655717 1.97061 -1.152671 -2.324679 -1.910553 4.988534 -0.752458
38 0.598576 0.194468 2.816385 0.817497 -1.00542 -1.74721 -2.950856 4.814643 -1.299345
39 -2.776212 3.375064 1.097352 -2.165815 1.427459 -0.731822 3.680399 -0.9577 -3.975086
40 0.863276 1.382597 2.223954 4.844752 -1.133465 4.712902 4.507486 3.91941 0.454333
41 1.835102 0.272229 -3.191537 -2.015063 0.60209 -4.658916 2.070509 3.131848 0.898829
42 3.225498 -0.557725 -3.922289 -1.372977 -0.005589 0.306144 4.878862 -0.284199 -3.368992
43 2.641213 -1.49464 0.627941 -3.971174 1.871064 -0.044306 -3.812582 4.615235 1.77888
44 -0.547059 1.270316 -4.176846 -1.61339 -2.256815 -2.030325 4.139083 2.321818 1.589705
45 -2.754921 -1.191525 0.126867 1.264777 -4.679309 -1.167826 2.729533 1.403772 -2.09744
46 -2.073532 -0.063499 -4.606545 -0.61504 -4.722335 2.595651 -1.245826 4.447614 4.347867
47 1.569279 -0.885984 1.955785 -3.716961 1.461972 3.309875 3.305562 3.869047 -3.079037
48 0.203132 -3.310367 4.807474 -3.700307 -4.51905 4.762363 2.99004 -4.585492 -4.009738
49 1.755733 4.199055 -3.939081 -4.55818 -0.129018 4.908607 3.476291 0.628862 3.510557
50 3.353405 -1.824254 -4.076285 3.502149 -1.69724 -2.14013 0.536943 0.638292 -1.951931
51 -4.791634 0.671337 -0.966342 2.270547 -0.182865 0.218779 -0.553884 0.362564 -3.97959
52 4.899343 -4.94631 3.929447 -1.909873 0.897478 1.604307 -0.563794 0.867312 -0.506608
53 2.937188 3.371673 -2.333324 0.946821 4.053565 -0.140352 3.499068 -0.521784 4.476524
54 -1.111682 2.536766 -1.861021 -1.72591 -4.348118 -0.402296 -4.393369 2.74992 1.945815
55 -4.231498 0.84703 2.308578 -3.462953 1.77988 -2.44985 4.519376 -1.179497 -0.64129
56 1.15119 4.038605 3.5322 3.461816 -0.204901 1.952285 2.913377 4.715707 0.168233
57 1.916852 -0.282134 -0.176007 -4.96599 -1.588127 -3.270597 1.677904 -2.176835 -1.176465
58 0.187336 0.778508 3.772643 -4.196505 -4.029055 -2.465434 1.262745 4.362264 -0.519013
59 3.117944 -2.679292 -4.22434 4.414633 -4.26457 -1.6067 2.564194 2.326597 3.110174
60 1.513827 -2.288673 0.557461 2.245344 -0.614341 -1.70695 4.688072 -1.125043 -0.591105
61 -3.571016 -4.613197 -1.308152 -2.709336 -2.444452 0.787335 2.355844 -4.877402 0.933627
62 3.011708 -4.768369 -3.491289 -2.274568 1.439023 0.926557 0.852652 -3.600224 -0.962134
63 -4.173774 2.677908 -1.904974 1.008669 3.580745 3.373163 -1.961349 -2.665435 1.15621
64 -3.189243 -2.141793 1.440989 -2.003103 2.792731 -3.934684 1.345675 3.484536 -0.759914
65 4.012516 -1.236238 0.864321 -1.868675 -1.047477 -0.402044 -0.868042 1.795149 -2.233737
66 -4.695665 2.322417 2.560381 -2.96556 1.671499 1.028039 3.724004 -4.234757 -3.542658
67 -1.066994 4.161483 -1.58215 4.264636 -1.589883 3.44497 -0.257546 0.176608 -2.335863
68 -3.040443 2.80935 0.709679 -1.521096 -2.129815 4.352049 0.361256 3.574705 -3.246806
69 1.396879 -1.353475 -4.160066 -1.392663 -1.882408 0.736846 -1.47743 -1.108877 1.041179
70 4.773703 -4.619927 1.934961 1.286024 4.158874 -4.333306 -2.500402 -0.987701 1.632583
71 1.199049 4.121481 -0.10581 -3.847426 -2.999583 0.193641 -2.954137 -3.539588 2.097505
72 3.952277 -0.907605 2.115298 0.338668 -4.945614 0.307616 -2.326293 -2.295403 -0.986412
73 0.216007 2.631594 1.726417 -4.65287 -4.954841 4.426124 0.060757 4.576167 -2.129692
74 4.024313 2.562489 -3.784193 -4.48235 -2.51263 4.326756 -0.780423 -3.592183 4.676913
75 -3.682701 -0.680881 4.348514 -1.726334 -2.450996 3.044494 -0.98667 -2.751699 3.16376
76 -2.923256 3.291967 -2.394882 4.623677 0.130437 4.265015 4.955815 -0.456622 3.995356
77 0.73418 -0.793568 -0.690399 -2.609992 -3.032724 -3.23363 -4.384064 3.774547 -4.32842
78 -3.482953 1.031419 3.84351 3.21584 -0.11276 -2.638452 4.919013 -0.162729 -2.555857
79 -4.598019 -4.613273 -4.231732 0.871999 -3.673323 -2.278705 -0.068525 -3.132114 2.406825
80 -4.932804 3.346509 -1.523355 -4.102359 0.401217 -1.182923 3.131566 -1.713627 4.037436
81 -4.168975 4.640666 2.040125 0.008168 -4.912544 3.414109 -4.309226 -1.787287 -2.534042
82 -3.304067 -0.691524 3.666451 4.835698 0.132866 2.661188 -3.30243 3.563049 -0.602476
83 -4.501648 3.098264 -2.461002 2.622885 -1.936619 -1.591716 -1.499898 0.412098 -2.82008
84 0.235969 -1.927151 -0.753995 3.229497 -1.382047 0.861181 -1.46351 4.506457 3.975182
85 2.573827 4.582341 -2.019377 -1.204496 1.116948 4.389644 4.566211 -1.277846 0.049628
86 2.064488 -3.181483 3.642788 -0.103233 -0.455584 -4.175385 2.98478 0.858333 -2.697635
87 1.600281 -1.189482 -2.308742 0.366684 -1.929757 -4.548722 3.193785 -4.823711 -4.181905
88 -0.97282 3.84127 -4.134312 3.639518 3.733731 -3.675739 0.414697 4.551688 -2.560677
89 2.261471 0.264806 -1.118064 -1.044868 3.798106 0.992261 -3.589533 4.369659 4.378528
90 1.047997 -1.167872 3.589803 -0.299649 -3.752932 -1.609642 3.716871 -0.399268 3.768018
91 3.988609 -3.566304 -0.71912 -3.942216 3.870874 0.21051 -2.12093 -1.510131 -3.890833
92 -3.732302 -3.615934 -2.504965 -1.380799 -4.168116 3.598947 -4.901917 -1.761706 -4.30106
93 -3.484172 -3.913792 -1.781238 0.99696 3.899922 0.234539 3.578881 3.034155 1.54602
94 3.513742 4.673586 -0.312119 2.137603 3.304153 4.339526 0.180137 4.712438 -4.992754
95 -3.093656 1.593645 1.024949 3.25467 0.443239 3.892893 0.269416 4.762145 -4.323195
96 0.208419 -0.682605 -3.576596 -0.555183 -3.09776 -2.463571 -2.049038 2.913197 2.183106
97 3.581482 -1.78779 -2.785147 0.041386 3.165411 0.52923 1.575898 1.216234 2.769492
98 -3.503169 -2.828166 1.247787 2.658695 4.315226 -0.790118 -2.227355 3.423151 -0.952604
99 3.858626 -0.150238 3.132479 -4.110715 2.787157 -0.300146 0.788151 -4.450056 0.538573
100 1.847527 -0.144978 1.901637 -2.187693 -1.292495 -2.675516 -0.767191 4.740073 -2.464613
101 -3.913894 1.664592 -2.825007 2.366381 -2.998427 0.18538 -2.758555 3.443852 3.692791
102 -0.575587 -1.813206 4.234521 2.799538 -4.234037 2.341623 3.427272 -1.490482 3.486931
103 -4.574997 -4.62414 -4.591793 -0.076494 -0.300761 3.114853 -4.787038 4.410778 4.645676
104 0.392328 -2.229871 1.367284 3.598252 -3.591495 -1.002185 -1.541515 3.152516 0.357909
105 -2.159569 2.446949 2.734162 3.759976 1.900008 -2.636384 0.454309 1.524471 3.556922
106 1.280067 -4.982566 -1.019653 1.061569 3.542327 -2.912938 -0.176807 0.38071 0.940217
107 -4.379887 -2.43044 -4.65663 3.754113 4.813422 0.292709 -0.388144 -4.556902 -1.763816
108 4.549487 -2.839106 0.089887 4.900854 -4.186757 4.915888 2.090637 4.712505 1.838463
109 4.877284 -3.119294 1.364138 -1.940758 -2.848262 -1.706044 4.437758 -1.488118 4.030508
110 1.209882 -0.341632 3.851621 1.91586 -1.982476 0.471878 -3.513824 -2.787152 2.959192
111 3.618698 1.255547 0.80459 3.838399 -3.52221 3.361214 2.318596 -0.314608 -0.340813
112 3.660527 3.16826 1.436403 0.959789 -1.145989 1.438361 -2.75673 2.497963 1.052507
113 4.213897 2.105425 4.119535 -2.711552 3.523005 -3.24572 4.935317 4.90022 -3.196088
114 3.542168 -0.478544 -4.305691 -0.012384 -3.59849 -1.430055 -4.082447 1.176013 -3.303346
115 -4.670817 -4.913263 -1.102035 -4.479063 0.730407 3.083314 2.703634 -1.805502 -2.879544
116 -3.067102 3.126304 0.021968 -4.019407 -0.397573 -3.313608 2.288055 1.540357 -0.044317
117 0.547148 3.413754 4.131435 4.584842 0.32414 3.694739 -1.534434 4.473565 2.855461
118 0.689733 -1.228066 1.709344 4.989742 3.588278 -2.65065 -4.187411 1.125223 -0.995997
119 3.240889 -0.263345 -3.81097 4.950171 -1.119611 -4.388927 -4.288555 -0.55615 -4.952186
120 -1.878387 4.344358 1.538799 -4.777518 -2.546491 4.096489 0.4404 4.399997 2.737653
121 -0.785712 -0.947896 3.66989 -0.935738 0.971467 4.465291 -3.305016 2.669592 0.593305
122 -0.339567 1.320816 -4.746866 0.754933 0.79311 3.587826 1.955805 -3.160952 -1.417934
123 0.19615 -3.806606 0.766878 4.023341 -2.14509 -3.996851 2.201135 1.334415 -4.461496
124 2.168096 3.499103 -1.770352 -3.763558 -0.28322 -1.346435 -4.216386 3.675764 2.838654
125 -1.837371 -1.199279 -0.256369 2.661384 -4.630158 -4.07769 1.804451 0.59907 -3.145495
126 1.536017 0.516077 -0.299012 -3.068741 -4.279458 -0.035383 -1.508214 1.950192 -1.697377
127 -4.289403 0.166124 1.771373 -4.312725 -2.401024 1.530138 -0.184121 2.706867 1.401955
128 -1.066424 -1.553094 -2.392811 -4.777479 -2.753963 1.649191 0.770894 3.446172 1.855996
129 4.564363 -3.42485 -1.518577 4.271138 -3.77189 0.702762 3.259867 -0.993576 3.735026
130 0.050194 4.217544 0.98168 -1.48371 2.11311 2.542937 3.296301 0.725348 -4.235883
131 4.038359 3.613376 2.913652 -3.294864 -1.366482 2.61098 0.541846 -4.30622 4.523053
132 0.223415 -3.697042 -3.942328 -1.580978 -4.233873 4.806509 -2.686387 3.929719 -2.881566
133 -1.221683 4.516071 -2.880245 2.427697 2.547828 4.630344 -4.961558 2.160564 2.847777
134 -1.342745 4.623664 1.282087 -3.068203 1.436848 0.801119 -3.041202 4.101473 0.031363
135 1.300157 3.006271 0.724957 -4.53437 0.648123 1.921874 -3.182835 3.429798 -4.701213
136 0.456538 -4.222789 3.719347 1.787938 -0.368191 0.134312 2.330488 3.190295 2.306021
137 -2.45771 1.480594 -0.759351 -0.252657 2.809829 2.590189 -2.638936 4.533311 -0.002588
138 -3.581655 -2.1991 -2.206998 -1.65816 4.910874 4.916177 -1.533562 -3.216252 -1.234428
139 -1.714348 -2.819046 4.595949 0.125596 4.976879 1.581112 -4.990917 -2.166797 2.479803
140 3.72227 2.263573 0.347173 0.264879 -1.67059 0.985498 2.278927 -4.771009 0.733251
141 -2.76839 1.105261 -4.621261 -1.835959 -0.363406 2.293142 -4.316417 -3.510961 3.00205
142 2.405981 -0.778949 3.628273 -1.344592 4.483539 -3.896232 2.199688 1.841281 -4.812968
143 -3.850844 2.55381 2.95502 3.791297 -3.166562 -1.713495 2.747672 -1.614756 -3.183187
144 -3.150801 4.588766 4.374922 -3.724692 -2.557915 -1.740824 -0.888554 2.213523 -3.578568
145 3.977866 -2.301554 -1.697379 -2.793719 1.595846 -1.447606 -4.661335 -1.91678 -1.485937
146 -4.743007 -0.971659 3.593831 -4.048526 4.007055 1.131351 -1.242429 -1.245413 -4.069786
147 -0.675016 2.526485 0.470924 -3.14414 -0.334809 -4.618244 -4.937057 2.492526 1.209572
148 3.318738 1.989888 4.871364 -2.18952 2.584554 1.542166 4.737465 -4.776164 -1.976148
149 -1.429579 0.949991 -0.187392 -3.902364 2.987944 -2.979807 4.124187 -2.380844 0.260101
150 0.995637 3.135008 2.202176 2.988706 -3.896555 3.204924 0.79181 -4.942345 -1.731551
151 -3.418835 -3.382102 -1.92417 2.446615 2.362904 -1.018875 2.891265 3.429064 1.481813
152 0.99879 1.759263 3.862232 1.993914 -4.270585 -4.712843 4.216852 1.766893 -2.85269
153 0.699977 2.38939 1.074668 3.553784 -3.863905 -4.485861 -2.617682 -4.058839 4.432612
154 -0.663863 1.219766 4.166857 4.697601 -2.179338 2.543038 -3.485481 -1.747494 -0.636387
155 -2.257289 -4.969271 -3.589488 4.53383 -2.413866 1.185791 -3.544343 0.751796 2.721098
156 1.478679 2.786322 3.071775 2.841718 0.078683 4.171938 -2.393784 0.312244 2.854827
157 4.619671 -0.661438 3.82027 -3.553465 0.732748 3.926121 -2.60236 2.815682 3.262847
158 1.52473 -0.6546 -3.432775 -0.878068 4.904759 0.24936 0.536071 -1.491369 -2.352783
159 1.850998 2.179931 -0.57812 -2.599088 0.779549 2.894492 -1.237973 1.462095 -4.792581
160 1.982265 -2.203458 -2.553648 4.08872 2.843417 2.034797 1.949468 -0.20325 -1.454515
161 -1.142201 1.290441 -3.898207 -1.532326 -4.190156 -4.490893 1.734091 2.581355 -4.873346
162 3.631654 4.904002 2.826051 -0.197159 2.887948 2.819128 2.747958 -0.123346 -3.60304
163 -4.595221 -1.281438 -4.035423 -2.120278 1.588186 -0.9961 -1.26594 1.236773 -3.524814
164 -2.749116 -2.179488 1.43772 -3.40083 3.405238 -1.184003 1.154151 1.686286 -3.463137
165 -4.22838 4.904906 3.787381 1.440129 3.739881 -0.867633 -0.541278 4.735868 -0.836399
166 2.635687 0.323811 4.880047 0.406043 2.714026 -1.357366 1.631567 -3.962026 0.855973
167 -0.944452 0.326721 2.945311 -1.239076 2.172394 3.852606 3.667877 1.314916 2.028893
168 1.802166 -3.200728 -4.00121 -3.774286 -4.670718 2.534669 4.772083 4.303541 -4.403528
169 -2.372887 -2.698929 1.360122 -4.999586 -0.372587 -2.3673 4.033006 1.380011 -0.231551
170 -0.61839 3.165574 3.590993 2.83493 -4.953368 0.532794 0.36208 -3.248474 -4.6411
171 4.006722 -1.174877 3.165961 -3.534306 -1.702325 4.231451 -3.225556 3.300013 1.862696
172 4.723097 -2.172548 2.592942 -0.670857 -0.400531 -2.510457 0.533956 -3.028131 1.642762
173 3.441217 3.537431 -1.498741 -4.723467 -2.161793 -1.518455 -2.271502 1.939579 3.392071
174 -4.243445 -2.456224 2.267757 3.2068 -4.32533 -2.285925 3.157348 -2.426452 -0.359116
175 2.349238 3.190643 1.700907 -3.12474 -2.406082 -4.85052 2.736328 -3.598807 -3.964721
176 -3.029355 -1.559035 -4.386495 0.936641 -3.848706 -0.507362 -1.965694 1.600584 -3.794385
177 2.624442 -3.224684 0.08217 0.506052 -2.126776 -1.21312 -0.898797 -3.913072 -0.716324
178 -2.62969 -3.371049 3.754828 4.832231 2.526722 2.978058 2.166535 4.922083 4.476159
179 0.660259 -0.259031 -2.87158 0.49447 -3.341676 -1.81149 -0.580922 -0.164487 0.435952
180 1.550852 4.488761 -1.268751 3.69356 -3.64367 4.729155 -0.551411 3.681478 -1.719856
181 2.638697 -0.687813 0.910767 2.969096 4.959844 4.716703 -0.853889 -2.348233 -4.807274
182 0.540541 2.401522 -3.831403 -3.425462 3.088135 0.043228 0.974573 1.685083 -0.859953
183 -3.167358 4.022695 3.179444 2.247102 -0.084539 2.026707 -2.036546 -1.111149 -0.502188
184 2.274981 3.349608 -3.298524 0.609037 4.565799 1.195737 1.302751 -1.989131 -3.75162
185 -0.60458 -0.89711 0.216285 0.337048 -2.398224 -3.391496 1.359104 -0.501417 -4.328186
186 -0.618436 1.304241 1.765695 2.550869 0.198971 -1.446206 -4.667404 4.73181 0.39744
187 -3.936126 2.595719 -3.926992 -3.016423 2.868006 -2.377993 1.296569 1.053243 1.69495
188 -0.083547 3.362858 -2.444518 -2.088677 -1.904765 4.323155 -0.961609 2.56621 -4.449433
189 4.216365 -2.473445 -3.549193 -1.691422 4.628772 0.334728 2.9981 4.886415 3.342522
190 -1.781201 3.658308 -2.876919 3.210822 3.421179 -2.348274 2.395414 4.664071 2.175578
191 1.72778 -1.044422 -1.767163 3.75137 2.538473 -3.923372 3.027819 -4.573211 -0.72976
192 -1.695374 -0.768419 -2.073529 -0.841174 2.320689 -3.571385 4.289148 1.256972 -4.743657
193 -4.495453 -0.337565 2.454766 -0.314391 -1.795296 3.295314 4.057985 3.364939 0.366839
194 0.241964 0.562121 0.516588 4.492971 4.809166 0.166078 -1.531166 2.783472 2.535373
195 1.306468 1.359943 0.596501 1.868008 3.718744 -4.897883 0.615755 4.877126 1.709448
196 -4.593208 -3.253437 0.066999 -4.038247 -4.902546 0.00015 -0.163104 -3.667497 -4.980438
197 0.85358 -4.725102 4.67507 -2.261258 4.958764 0.626077 -0.709614 -1.852154 0.329071
198 -2.757242 2.545556 -2.305566 -0.758789 -0.411877 4.561763 -2.291359 4.865069 2.020438
199 1.278963 -3.831633 -4.366672 -1.707929 -4.413618 2.79641 -3.870696 2.044155 0.017822
200 0.153094 -1.863505 -4.804613 -0.040901 -0.84811 1.907227 4.782928 -1.026692 1.68339
201 -3.677258 4.793116 4.214927 -4.641771 -0.817101 -3.881714 -0.622872 -4.697638 0.49169
202 -1.817002 -2.654137 -1.584052 -0.939288 -2.663503 1.611888 0.857105 -1.960301 -1.387173
203 0.861839 -3.855066 -4.443198 2.813061 -0.443675 -4.515852 -2.644663 -1.255428 1.973773
204 -1.838804 -2.669569 -2.580792 -0.256177 0.068035 3.453243 1.034764 -1.201744 1.522116
205 1.090214 3.034072 -3.129395 0.05878 -2.161236 3.774658 3.002395 -2.642781 -4.553858
206 -3.769539 -1.576318 1.446554 3.419404 3.272007 1.398667 0.6305 -3.316103 3.229792
207 0.307428 -0.017534 -1.154503 3.029965 -2.408632 -2.142962 0.961654 -4.330816 -4.262478
208 1.171298 4.781929 -1.296573 3.099386 -4.240472 -2.040114 -0.582359 1.381421 -3.50544
209 3.760403 -2.490402 -1.708304 3.000724 0.209732 -2.884904 -4.320961 -2.278569 -0.236113
210 4.17299 -2.948577 2.585622 4.67251 2.676223 0.658036 4.438693 0.438962 -1.620813
211 0.993374 -3.244934 -1.725631 2.383339 -4.416298 -0.08859 -2.314251 -4.433777 1.068493
212 -3.898618 0.198567 2.415176 -0.711313 4.071676 1.293338 -4.105139 2.03392 4.137026
213 -1.156948 -2.134196 3.230424 3.45194 -0.498494 1.634354 1.583033 2.658914 -2.011352
214 4.37337 1.705212 3.453762 -0.27975 3.932674 -3.234365 4.213626 -4.372763 1.680987
215 -4.926645 3.865682 -3.966496 -1.049047 -4.957556 1.130263 -3.524355 -4.700227 -1.506614
216 0.662873 -2.354294 0.102026 3.010653 3.198933 -1.114046 -0.234875 -1.551837 -2.417675
217 -2.988195 -2.72024 4.602839 -2.243506 1.471353 2.206241 1.546673 0.890481 4.43445
218 3.326508 4.010445 -4.378493 -1.568329 -1.240375 -1.203224 -3.165339 2.622382 -4.617882
219 -3.205278 2.660657 0.334471 1.922533 1.942802 0.761839 0.66493 3.93094 -1.942813
220 -1.825251 2.362871 -2.904819 1.421397 4.094011 -0.00785 -3.191872 -1.319615 -4.397466
221 -4.571886 -0.074733 4.083785 -4.926803 3.440243 -1.807518 2.989631 -1.925784 -3.556484
222 1.828725 2.487698 -0.189679 2.634488 1.50122 2.960843 1.785033 -3.558821 -2.035858
223 3.648757 -3.059643 -1.544589 -4.251012 1.718316 0.038151 -1.154412 1.300953 2.56508
224 -1.027617 4.024035 3.706879 4.933574 2.134972 -2.006402 -3.997088 4.770641 -3.820648
225 -1.40426 -3.26552 0.272735 -3.276696 4.374368 0.860636 -0.658542 4.660552 -0.153575
226 0.556645 1.819241 -2.583014 3.832648 2.608994 2.48437 0.928905 -1.422682 -2.441805
227 -4.372521 -2.362023 -2.293733 2.593417 0.915351 -2.865628 -2.787468 3.332621 -1.623498
228 3.945433 -2.090129 0.603419 2.57504 2.673329 -3.843461 -3.012483 -3.328371 4.719989
229 1.768829 -2.973609 -1.569328 -0.697187 -1.465985 -3.697107 3.919605 -2.327766 2.10787
230 -3.655159 3.492605 0.545199 -4.775027 -3.430895 -1.121986 -2.108304 -4.140438 1.961147
231 -1.528802 1.04174 4.256451 -3.949304 -3.97587 -4.061477 -0.564263 4.367752 0.516904
232 0.213908 3.142139 -1.671513 -2.6101 -0.387368 0.152977 4.862972 -2.429874 3.258774
233 -2.165289 3.909252 -2.572697 -0.84906 -2.948632 3.630218 3.261031 0.467059 1.293858
234 -1.595665 2.050193 2.599263 -1.359211 0.368307 2.000483 1.582992 4.712817 -1.163595
235 0.485751 -2.732697 -3.049518 3.311807 -3.47459 0.465472 3.441745 2.954653 -2.320946
236 -2.56539 -3.46604 0.99094 0.962473 1.546938 0.570461 -2.508969 2.659194 -2.129458
237 -0.435206 1.560714 2.157187 3.302 0.951077 -2.016274 -0.695726 2.90166 -4.476957
238 -3.469943 3.643868 -1.919513 2.734062 3.006602 -2.715725 -4.631229 0.182725 4.69523
239 4.576034 -0.599929 4.264116 0.371279 -3.482931 2.774493 -4.890989 3.800469 1.779833
240 -3.039075 4.204565 0.135472 -4.280158 4.014223 -0.431587 -4.919004 3.489115 1.788598
241 3.113416 -2.240127 4.473406 4.780691 -0.2135 -4.393543 0.622259 -2.328339 -2.710769
242 0.782463 2.774067 -1.964225 2.439175 0.01271 -4.884128 0.870727 -0.293806 3.097616
243 -0.947765 -4.699722 0.146908 -3.244082 0.345663 -1.394713 2.421918 2.640271 0.827216
244 0.320785 0.088147 2.694455 3.406364 3.40033 -0.951339 1.552708 -4.978733 1.47028
245 -2.925324 -3.337873 2.934952 -3.330484 3.08489 2.750474 -2.040714 -2.338033 -2.29545
246 4.350909 -4.982097 2.690568 -4.912786 -1.783793 3.430828 2.711498 -2.710373 2.525476
247 1.42194 2.754824 -1.754823 1.910958 3.484608 -0.00214 -1.930426 -3.468244 -2.321095
248 2.001389 -3.031088 -4.097397 -4.637398 -1.897722 4.236644 -3.463869 -2.300988 -4.581741
249 -3.566548 -0.791247 2.982173 2.782106 -3.254698 3.120498 -1.85199 3.233956 -3.224646
250 3.736668 -1.571036 -3.531342 -4.67814 -3.067826 -4.731138 0.165247 -3.707171 0.594936
251 -0.609216 -1.491381 4.5496 -0.322561 1.023062 0.908745 -4.424035 -3.622569 0.157558
252 -4.737693 -4.271706 3.165412 -3.947999 -2.951787 2.766432 3.438751 -1.956731 -4.800326
253 -4.115383 3.58386 4.157348 3.276554 3.746906 -3.016671 -2.48268 -1.260693 -0.362763
254 -0.759441 0.609153 -4.700713 0.848258 2.207944 -2.773309 -4.052839 -4.221469 -3.691079
255 -1.434337 1.081392 -3.265073 1.431911 1.211687 3.819352 0.402725 1.224328 -4.685749
256 2.098315 3.427505 -2.419848 -0.770794 -0.521753 0.457811 -3.316062 -4.49118 -2.695236
257 4.880595 -1.936848 4.499105 0.653299 -0.188151 -0.922506 1.479115 -2.634548 3.594926
258 -2.883927 3.66977 -0.319514 4.317244 -3.503749 -2.925403 -1.789419 -2.398115 -3.594728
259 -1.435215 0.844612 4.851901 -1.259643 2.418576 4.62036 -2.792766 -4.35746 2.604552
260 -0.890028 4.822968 -3.748511 -1.271071 4.29061 3.496542 -4.673275 -0.455314 1.402515
261 2.693637 4.384937 -0.699273 3.634417 2.04786 -4.814284 2.677 -1.767719 0.315149
262 1.915194 -4.63134 3.358167 -0.729549 -2.99751 -4.042248 -3.311071 -3.462184 -4.321306
263 3.147779 -3.580092 0.422435 -3.259367 3.185251 1.844694 2.185059 -2.86546 -2.578841
264 -2.497664 -1.086431 -2.585473 4.427344 -1.606523 1.523964 -0.527371 4.774665 -3.122679
265 -3.783178 1.48842 0.591218 3.084652 -2.698101 -2.066003 1.275963 2.482419 -4.435915
266 -1.298815 -2.471744 -3.98465 -1.352584 0.023012 -4.972766 2.111183 -2.194102 3.598409
267 4.921754 -0.792832 4.72404 3.932848 -1.170196 0.76025 -2.789977 -0.255164 0.758726
268 0.258486 -3.825044 2.071947 -2.273605 2.473204 -1.594409 3.582327 -4.795164 -3.55683
269 0.36417 -0.235571 -0.951465 -2.484573 -1.982303 -4.334493 2.616162 0.80508 4.029973
270 1.621418 -3.92849 -4.173288 1.364449 0.39912 1.901782 -4.161945 2.382802 4.846593
271 -2.119887 0.164779 -3.110855 -1.530155 0.589424 1.579889 -1.481376 -1.989577 -1.766261
272 -1.819041 -2.981667 -3.990411 -2.554259 3.358187 0.974132 2.070186 -3.61244 0.227056
273 -1.578926 -0.404748 4.318591 2.925746 3.118719 -2.510705 4.27751 -4.13006 -3.163009
274 4.571395 3.319503 3.303423 -4.739953 -2.538221 -2.37985 -3.827006 1.078278 4.899782
275 0.362642 -2.416443 0.296064 -2.410615 4.464167 0.625292 2.383861 1.035192 2.408129
276 -3.641811 -4.045263 -3.13129 -1.914057 -0.525694 -1.621991 -2.341921 -4.169153 -4.53274
277 4.370108 2.603657 -1.773549 3.764376 2.041775 0.620959 -0.855052 0.829224 -2.710637
278 -3.32598 2.922762 -0.705837 2.191973 -0.926791 -3.340544 -2.40833 2.587324 3.193162
279 4.468927 3.91274 1.840059 1.508198 3.685815 1.708808 -4.623164 -1.172182 -4.811361
280 -0.525503 -3.764712 4.211249 3.636825 -4.432005 -4.504852 3.938892 0.568549 0.567111
281 -1.218986 0.615959 1.020509 -3.057288 0.337087 -0.088803 0.465446 -2.896664 -2.961819
282 -0.993681 -0.792605 -4.633719 1.541942 -2.109591 -4.093628 -1.849 2.726421 -2.060802
283 -4.63239 3.43661 0.954339 -1.483148 4.603921 0.704359 -1.212258 -1.161252 -0.114014
284 -0.339344 2.744529 -4.746466 -0.045334 -4.768697 4.958804 4.487097 0.593555 -3.306019
285 -4.66113 -0.837057 -0.994529 -2.283039 0.665131 2.855288 2.633135 2.598127 -3.003153
286 2.295854 -2.903097 1.214125 -3.687781 -3.023799 -1.685665 0.513719 1.555573 2.577126
287 -4.652799 -4.433437 -0.798168 1.789288 -4.747672 1.072084 3.352813 1.451682 -0.193226
288 -0.15061 -1.894381 -4.025519 -4.181639 -3.843583 4.080643 -3.299652 2.675789 -2.670898
289 -4.642436 -1.4523 -1.954341 2.654049 2.875036 4.295852 -2.057686 2.911416 2.488061
290 4.648635 3.562582 -2.601052 4.015696 -4.028751 4.329664 1.222515 4.532754 -2.85027
291 0.983748 0.643574 0.369694 3.144577 1.458309 -2.39052 -3.646333 3.629117 4.845709
292 -4.059319 0.259886 -4.668679 3.515874 0.022119 4.363156 -0.736801 2.27267 2.979537
293 1.282848 1.679361 2.173783 4.574801 -3.830282 3.67679 -2.892659 0.506171 3.094826
294 3.045987 1.64749 -4.715763 -1.551259 -1.505638 -4.544037 3.63041 4.158381 -4.76961
295 4.420888 3.127962 1.671739 -2.859901 -3.318205 1.612918 1.398351 -4.412722 3.807337
296 -3.356276 -4.110638 -1.591556 0.992381 1.583844 1.682556 -4.939909 3.987049 -0.425577
297 -0.903324 3.455169 4.279773 -4.95021 -2.924754 -0.394624 -3.195885 3.760803 0.418007
298 3.742519 -4.339697 2.981283 0.701754 1.661241 1.199354 2.849944 2.833875 -4.299459
299 -2.914149 -1.242915 0.543314 3.535566 -1.07163 -1.682908 -3.361468 -0.021612 2.834242
300 2.534308 -2.38084 -1.263911 -4.478449 4.223264 1.727159 4.551467 -3.709695 -0.41749
301 -0.370382 4.438026 -0.815445 -2.210888 0.437356 4.714619 -3.604416 4.709446 0.219673
302 2.506909 0.331299 0.21574 3.629716 3.640368 -3.577589 -3.183175 -1.391508 3.105006
303 -1.235474 -2.994487 0.624696 4.147568 -2.075071 -3.583354 1.095105 3.401149 -2.179714
304 -2.539627 -1.848551 -4.619387 -2.646203 4.264864 4.185361 0.844215 2.085376 -0.56854
305 -3.187543 -4.072628 -4.466155 -4.282885 -0.824522 -4.217898 -2.677629 -2.301713 3.03108
306 -1.410953 -1.142963 -1.496863 -3.414202 -0.438363 1.512353 3.003062 -0.355099 3.234147
307 0.717202 -2.169825 2.068056 -4.409664 -2.533243 -1.277715 2.50141 4.015968 4.925109
308 3.661568 3.111471 0.370612 -1.433051 -2.395108 -2.282479 -0.70959 -0.206222 -4.02694
309 2.965594 4.317114 1.131048 4.418879 -0.953599 3.238825 0.954563 -3.74087 4.133274
310 -2.52628 -1.937773 -0.017614 4.993857 1.511858 -1.253323 1.011526 -3.62197 -3.374495
311 -0.950146 3.675046 0.871948 -2.090176 0.102912 -3.256906 4.287503 -1.779206 -0.678053
312 -1.567115 0.498063 2.154572 -4.432718 2.13424 -0.054779 -0.145349 -1.053808 -1.535405
313 0.778001 -0.35356 -0.539531 -3.727068 2.788311 4.04543 4.415782 -4.0773 1.756955
314 -1.728028 0.021066 -3.810049 -4.427483 1.672902 3.679353 2.599201 -3.80988 -2.500313
315 1.536638 3.160093 -3.726545 4.168613 3.216422 4.454264 -2.376473 -0.034281 1.0208
316 0.607049 -4.930715 4.955824 -0.406143 2.096587 -4.568245 0.232639 -2.476719 -3.850052
317 0.624418 -3.052991 2.261542 -2.738028 0.074532 4.927203 -3.860074 4.161706 0.585845
318 -3.727591 2.791669 2.205752 -4.113208 3.22989 3.512998 -0.164815 -4.923504 -4.599329
319 4.866326 1.168044 3.465822 0.48407 -0.69791 1.516733 -1.898453 1.622894 2.564734
320 -3.721105 1.344439 -1.12823 -2.437049 -1.850537 -4.08335 2.4661 -3.435612 -3.582473
321 -3.591481 2.314672 1.150203 0.007292 -0.905199 -4.282297 0.264085 4.66488 2.391078
322 0.642216 -3.367298 4.53844 -0.471244 -0.684795 -0.123056 -1.368107 -3.034141 -4.491979
323 -3.089431 -3.422398 -4.774832 -2.804097 4.56161 -2.001629 0.781742 2.931234 4.257566
324 0.007756 1.031985 1.161397 -2.874382 3.91342 4.897105 -1.065705 -3.382406 4.390056
325 1.558157 -1.725498 1.951135 -3.908653 4.505645 4.343041 4.277644 0.050558 -1.129383
326 -2.680965 -3.163221 -1.518036 0.938218 4.848762 -0.350195 1.803357 2.237541 -4.954838
327 4.252709 -0.323694 -0.798567 1.76048 -3.590752 -2.943792 -4.609024 -0.158938 -2.892718
328 0.144654 -4.661572 4.860391 3.182177 -3.200853 -4.676844 -2.603131 -1.734122 -4.935871
329 4.360373 0.771827 -0.106195 2.287197 2.629466 1.740388 -3.53307 -1.845907 1.183738
330 3.187854 -2.506385 4.713896 -3.214828 -4.973173 -2.301359 -3.960637 -0.020635 1.18063
331 4.584851 -3.903491 -1.745949 3.012905 -3.682794 4.971945 3.796712 1.818196 -4.231108
332 -1.037405 3.82842 2.238173 -3.777332 -3.964329 -1.907794 4.316511 -0.614613 2.438837
333 -4.447853 3.634871 -0.132089 4.901189 4.753288 -2.290106 3.355491 -3.91338 4.697492
334 -4.083542 4.016065 -2.277062 -4.405596 4.838387 -4.771991 2.628968 -4.4939 -0.34176
335 -3.180972 1.390937 2.323672 2.324315 0.489802 2.159327 -4.180787 -1.856972 2.444765
336 -1.644633 2.613054 2.988493 3.797703 4.236514 -4.22443 1.542013 2.094986 -1.69708
337 2.144831 4.111628 -2.201598 -4.791953 3.457339 -2.656122 -4.637257 4.27625 -1.27755
338 1.849012 0.357828 -1.945552 2.676752 4.349369 3.473314 0.04105 -0.396029 0.04498
339 -1.81663 1.226656 4.087848 1.465306 -1.476729 1.018277 1.964376 -2.404544 3.185398
340 2.403811 4.481835 1.237268 1.082783 -3.775928 2.785011 3.599943 2.005703 4.734805
341 3.466669 2.457436 2.476729 4.806933 4.285075 -4.541547 3.350662 -4.584868 3.774997
342 -2.815989 -2.110555 -2.092243 -2.392124 1.476281 0.548553 -3.424114 -4.88142 2.769276
343 -1.457959 -3.476847 2.939109 -4.370127 -3.990139 -2.443407 2.345855 2.67889 -1.14447
344 1.977199 2.958136 3.882412 -0.508092 3.040166 -2.771774 -0.215768 -3.421204 -0.955703
345 -1.583182 3.120583 0.525502 -2.492832 -3.310598 -1.970692 -3.978921 -0.557425 -1.907529
346 -2.276005 -1.86032 -1.012319 1.792144 3.118991 2.596627 -3.324875 -0.310672 4.816129
347 1.762051 0.930378 3.613232 -0.115096 -3.391964 0.066799 3.826917 -2.787169 4.334827
348 -1.778454 2.694678 -0.711178 -4.900583 0.539414 -0.165466 -1.538999 0.093404 0.512124
349 4.091274 2.545542 2.240603 1.989839 -4.558252 4.71078 2.168877 -2.495031 0.249803
350 -1.414893 4.695063 3.987287 4.967667 -0.706616 -0.048063 4.21047 4.044234 3.19599
351 -3.943871 -3.858084 0.696039 2.381185 3.102 1.205705 -2.802487 2.174939 -0.415646
352 -3.255927 -1.752023 3.131426 -4.087342 0.514181 4.720482 -1.820459 0.97144 -2.933378
353 4.228387 -1.600808 2.740674 3.741109 3.430404 4.533287 3.157384 0.844787 4.680182
354 1.055375 3.550234 -2.915195 1.236674 2.579994 4.040854 -0.562611 -0.052991 -0.742716
355 -2.275393 -3.755354 -1.79064 1.567661 2.276813 -2.223703 3.866766 -1.540764 1.599542
356 -3.527071 0.934904 2.083221 -1.915458 4.07372 3.385407 4.121207 -3.250384 2.587067
357 1.05931 -2.065054 1.343237 1.26646 -1.907777 0.931869 -3.034036 4.763238 2.362514
358 2.685576 -0.055152 3.492116 -4.417827 -2.32906 -1.733061 0.112279 4.149388 -1.838783
359 0.064797 2.031756 -1.559179 -1.127482 -4.614922 -1.546267 3.912623 -2.938629 -1.445437
360 2.412803 4.196437 3.474774 0.863205 -4.081079 2.286361 -0.468479 -2.402096 2.239795
361 -4.313618 3.043045 1.204444 -3.441688 1.357404 2.247691 -3.636291 4.411414 -3.587984
362 1.735022 1.774954 -3.782466 -2.800004 3.754718 -3.084301 0.092613 3.2413 -0.182808
363 -2.510084 4.785633 3.434361 2.499842 3.888318 -3.557849 2.209611 -3.206701 4.871881
364 -2.64198 -1.717374 -3.118294 2.010624 -1.669912 -3.924454 -4.958382 -4.132533 -1.045034
365 4.932232 -3.619298 -0.665899 1.537749 -1.772558 1.702345 4.815036 3.315418 -2.103145
366 -2.337326 4.819676 -0.406422 2.231925 3.538187 -0.301774 -2.236655 3.551563 -2.814672
367 -3.38551 -4.653589 -1.823795 0.350719 -1.489895 -4.784549 3.152916 2.728565 4.478735
368 -3.843165 -3.965716 -3.27173 -2.139557 -2.637195 -4.045468 -0.075897 4.113301 -1.383646
369 -0.254483 2.427093 3.649704 -0.763106 2.21542 1.577154 1.98153 -2.294698 -3.600474
370 -3.011043 4.123341 2.521582 3.714872 1.297379 -4.217678 -0.924613 0.788547 -0.458263
371 -2.516334 3.415681 3.668572 3.156291 4.699004 4.58456 -4.915198 1.398349 -1.943898
372 1.272807 1.93322 -4.384705 -0.472383 -2.531575 2.951922 3.78851 -0.933124 -4.279274
373 -2.537117 -3.720649 4.290969 -0.091516 3.120174 3.997427 2.057115 -1.132499 3.577517
374 1.81813 -2.161183 1.433456 -1.11162 -4.683264 -2.47783 4.100368 -3.375916 -2.13682
375 0.094601 -0.309959 -1.226348 1.104091 -0.745815 3.408469 -1.421917 -1.723351 0.038264
376 -0.026929 -4.60295 -0.362145 1.821043 -2.444547 4.826963 -2.284933 3.272039 0.509059
377 1.14943 -1.885984 4.824337 4.794397 1.785545 2.756399 2.796195 3.394437 1.646374
378 4.762313 -1.591258 1.328885 1.298205 4.82702 1.874633 -0.289714 -1.682204 -0.513125
379 4.913232 -0.929977 3.588545 -4.462342 -2.465699 1.943711 4.524409 3.841613 -4.888687
380 -1.566977 -4.446679 4.914828 2.65655 1.228286 4.258376 -3.953982 2.510367 3.765844
381 -0.789369 -2.285995 -4.321766 -2.993113 -1.073311 -2.450151 -3.198876 -4.558194 0.825724
382 -3.175859 0.982381 -1.047818 1.266165 3.41275 3.772246 -2.698646 -4.930424 4.630746
383 -1.911442 -4.976498 3.621101 -1.684325 -4.331153 -3.205701 1.917506 2.769397 2.717567
384 0.024508 4.382486 -3.832223 4.081066 -0.968799 4.230471 3.109942 1.574868 2.618352
385 -3.077822 4.876621 0.25377 2.408943 -2.141769 2.283902 -0.39632 -0.523267 4.872554
386 1.199566 -0.229898 -0.800164 -2.74636 -2.011718 -2.502651 3.60939 -2.455637 4.541472
387 -2.930293 3.748309 1.421548 0.515673 4.252494 -2.661925 2.181548 -2.79353 -1.416109
388 -2.67882 2.569571 1.45991 0.843915 4.769868 3.680831 1.623115 -3.652946 3.524497
389 4.906054 4.679844 -4.161059 1.705263 4.44192 -3.85191 3.616318 -3.019731 -0.167028
390 4.720305 2.898079 -1.539943 0.134223 -0.63166 -2.823131 -0.08931 2.245919 -1.031514
391 -3.021677 2.895075 0.63093 -4.386012 -0.918126 -3.694888 -4.017305 -1.688614 -2.487536
392 -4.123804 -1.700847 -1.744052 -4.623672 -3.979775 -2.277093 3.741045 2.846347 -1.381599
393 2.591468 -4.986737 2.942032 -1.619861 -0.714765 -3.828017 0.14506 3.671161 0.501109
394 2.174664 -1.587022 -1.652207 3.00512 4.511843 1.418198 3.950193 -4.872346 2.240464
395 -2.720111 0.737542 -0.877222 2.101647 -2.953702 3.371387 -0.093993 -2.301643 -4.068847
396 2.006793 -4.744369 -0.642153 -4.861514 -4.418977 -3.716471 -3.360029 4.907185 0.600571
397 2.656128 2.651042 -1.134782 -3.265034 1.645248 -0.6087 -1.532905 2.726174 -3.955147
398 1.286066 3.658708 -0.148864 1.067412 4.855656 1.421065 -4.936944 -3.664728 -4.947239
399 2.583446 3.451116 -0.539383 -1.304591 -2.002327 1.976055 4.818552 3.678516 2.109692
400 2.192694 1.798266 -0.446686 -4.128576 -1.715408 -1.928152 -2.357913 -2.04955 -2.113604
401 3.196491 3.759386 4.55165 2.648753 1.33958 1.170701 0.924765 0.850662 -0.809081
402 1.306827 3.136016 -4.733623 4.649843 3.693966 -1.680237 1.577219 -3.697309 -1.66737
403 2.027032 4.659674 -1.379751 -4.523936 -1.834396 -0.638189 -1.301488 4.145096 1.289478
404 1.949587 4.881942 4.262058 -2.025578 0.086808 0.98119 -0.298882 -0.65892 -4.59779
405 4.33708 -3.366654 -2.033649 2.503651 -0.941829 4.632269 4.219159 3.487854 -3.499597
406 -2.524316 -1.329384 -2.32337 -2.21995 0.500085 4.95502 -0.899706 -3.068645 3.641881
407 -3.238435 3.840095 -0.80326 -2.060392 -4.216854 3.966443 4.109055 1.956009 -1.253102
408 -2.496601 -2.057288 1.751166 4.494927 2.931695 -2.664715 3.148567 1.985931 -4.572627
409 -1.935261 2.812375 3.250312 1.372432 0.077576 -1.771187 0.931985 -3.343728 0.565565
410 -0.591416 -3.193085 2.345438 -0.819778 -4.792529 4.56221 -0.056062 -3.02081 2.625462
411 2.689583 -4.942892 0.028263 -3.262975 -2.824201 -2.628624 -3.113645 3.736081 -0.088048
412 4.812254 -3.141671 0.4592 2.043554 -1.205859 4.314443 1.796666 -0.76851 4.198322
413 -2.338203 -1.588547 1.402416 4.059241 -0.772416 2.35308 4.731076 -4.389237 4.634975
414 4.08532 -0.357438 -0.651485 -2.099877 2.56806 3.792745 -3.015691 4.331289 4.158023
415 -2.342177 4.610497 4.406405 -3.825266 -4.384586 -3.134619 0.236402 2.147125 -3.8912
416 1.892428 3.366585 3.787381 0.026534 2.367508 -3.871463 -4.128083 3.103778 -2.089966
417 4.392205 1.731715 -0.75809 -3.798294 -2.710313 -2.059111 -4.604738 -3.189288 -0.721868
418 -4.566547 -1.927982 4.206663 2.252435 -3.111493 -2.675217 2.803439 -3.38535 -3.085786
419 4.39665 0.700532 0.055184 2.037367 -1.708828 -0.609558 -3.668566 -2.398233 2.765775
420 2.813289 2.283441 -2.05712 0.565107 2.684345 3.570377 -3.266634 4.63395 -4.7624
421 4.871252 -4.202594 -2.410984 0.3743 4.176368 2.6379 -1.605117 2.081544 -4.355029
422 -4.823981 -1.789376 -4.857403 -0.028676 2.523228 -0.869068 2.978037 -4.269277 3.10132
423 0.678944 4.93884 -3.705825 0.544097 -1.370424 -4.305879 -0.938918 2.712872 4.63042
424 3.930639 -0.895618 3.942828 -0.945872 -3.294922 -4.447806 -4.550513 2.228078 3.591194
425 4.278799 1.602155 0.605351 -3.571264 -4.90525 -3.37637 -4.46502 -2.345695 -0.223265
426 -1.558629 0.697456 -0.193713 1.744974 -2.331035 -1.148333 3.104262 3.95619 2.566766
427 4.496947 -4.005219 3.056792 4.326408 0.28732 2.942373 -0.59434 3.807488 1.916506
428 -4.096677 -4.366436 -1.711757 3.662933 -2.685311 1.161411 4.296168 2.778079 1.048182
429 4.288943 4.076752 -1.414031 2.548363 4.211709 -0.07211 -0.062287 -2.089187 1.573219
430 -0.930475 0.011745 1.356874 3.592763 -0.895831 -4.828797 4.021643 -4.477923 2.351178
431 -1.732282 -4.069296 4.508841 -2.723743 1.840246 3.807685 3.680684 1.518219 -1.280167
432 0.602033 -2.472696 -3.740508 -4.312307 -3.192845 -1.843991 0.620507 0.086173 1.318074
433 2.169888 0.841604 0.103685 3.956563 -2.713433 1.170135 -2.680353 -4.956567 -3.275725
434 -3.12145 -1.415008 -4.487208 -0.176024 -0.278567 1.518204 0.833281 2.827759 -1.126398
435 1.394316 4.58993 2.305982 4.797662 0.380259 1.260173 1.349628 1.962034 4.780056
436 1.558812 3.724137 3.848231 -3.211804 -4.858977 -1.945114 4.809997 2.712262 -2.937494
437 -3.620247 1.274404 3.597341 3.680353 -4.419087 4.151412 2.383021 3.05162 0.905966
438 -4.608106 1.915141 2.466031 1.310833 -3.366238 -2.833105 3.644775 -3.005206 -0.828642
439 0.014552 -4.347798 -3.058497 -4.644873 4.896516 3.287416 0.409114 -4.083398 3.967971
440 -4.884522 -3.630137 -0.634013 -0.360761 -1.247691 -4.359758 -3.471467 0.640871 1.39827
441 0.274417 3.294341 1.71698 0.329041 -3.412609 3.463016 -2.901407 -2.655705 4.194121
442 -0.967839 3.606468 4.58572 4.175629 -0.488873 1.359153 -3.743254 -3.882932 2.629963
443 -2.576648 0.383054 1.28239 3.264835 4.84525 -3.829102 -4.849939 0.712792 1.488853
444 0.896111 -1.266412 2.769407 1.952843 4.087518 -2.042383 -3.812657 1.770591 3.241541
445 3.983481 0.419263 -4.655201 -2.293896 2.020137 -3.75468 -2.753031 -0.840293 -4.881692
446 1.441147 1.961099 -1.431252 2.84112 -0.50327 -4.661051 -2.908955 -4.92172 -0.900819
447 3.114307 -3.397658 -4.622555 -3.594038 3.865711 2.120075 -0.807095 -4.736327 -4.555558
448 2.223476 -3.951801 3.614059 -1.732052 -0.259136 0.223104 -4.09779 -4.268159 -1.309981
449 0.635647 -3.751732 -4.579306 4.320577 3.367165 -2.96779 4.408528 -0.177127 3.072274
450 -4.951834 -3.050906 0.299453 3.589132 3.548326 1.944764 1.109372 -2.643442 3.520602
451 -4.680317 -0.508522 4.032217 4.477465 -1.544055 4.730795 4.777341 2.90971 -3.692565
452 -2.657158 -2.01746 -3.40141 -4.179466 3.242032 -0.760407 -4.186509 -2.141415 -4.907629
453 0.258174 0.942573 -2.750752 2.971892 -1.775953 -4.030585 0.409787 1.789257 -0.894434
454 -1.972953 -0.532111 -3.020721 -0.286891 -3.866002 0.561483 -4.355193 -3.632045 -3.413587
455 -3.476456 2.260302 -1.469557 4.505826 4.3106 2.029435 -2.924261 3.50658 -0.677131
456 2.289721 -0.607579 3.730759 -2.748929 1.321204 3.230117 -1.169123 4.615164 -1.716281
457 -1.063973 0.034747 -1.239493 -4.642901 -3.301492 1.254711 1.669542 -3.219166 2.15028
458 4.595639 4.249261 -4.919107 3.111069 4.983457 -4.427076 -2.041164 3.779718 2.126812
459 4.969578 0.260049 2.282716 0.420007 3.200858 -2.308759 2.811286 0.729584 0.589031
460 1.343773 -3.895989 -2.410395 -4.414688 -1.860934 -2.972234 -3.285819 3.581149 -3.655688
461 -4.628624 -1.630361 -4.902013 1.663032 -2.090696 1.23724 -3.102929 4.420056 -3.122063
462 -4.252268 -3.61806 4.311664 3.463612 4.716061 -0.206659 -1.429489 -0.992598 1.60312
463 3.755663 -3.437548 -3.955438 -1.092469 -2.121792 -3.805413 0.046545 2.914478 4.926648
464 4.088183 -0.040591 -2.864956 -4.087644 -0.598785 1.817204 1.311416 0.423023 -4.961075
465 3.448411 2.316768 1.42698 1.918868 -2.003819 1.628745 2.201042 -4.199674 0.742072
466 0.218849 -2.405375 -2.937415 -4.675821 3.977536 -2.573875 2.489312 -3.631022 1.782458
467 0.967215 1.659202 -3.494341 1.548194 -2.189479 -2.204266 4.740668 -4.628731 -3.06012
468 1.322791 -2.738883 1.832648 4.840958 -3.440629 -3.452743 -3.33919 -1.381705 -0.158
469 4.244905 3.170743 0.079613 4.27407 -0.659054 -4.598407 3.943918 -2.642687 -4.268177
470 -0.380852 0.445984 -0.529332 -0.647479 3.107287 -3.882018 0.950681 1.085046 -2.597648
471 3.51063 -3.80745 -4.116545 -4.238748 2.148818 -3.93369 -3.197489 -2.508451 -3.532081
472 3.004364 0.801086 2.384167 -4.882602 -2.010624 -3.964173 2.21215 2.389869 1.824281
473 -0.286514 2.105669 -2.636832 -4.928942 -0.556592 -0.53688 0.210897 3.865039 1.722113
474 -4.208779 3.17393 -0.075731 -0.673498 0.480528 2.382497 -3.809924 2.606678 1.499754
475 -2.714974 -4.695201 -3.859322 0.909553 -2.215435 -0.578456 3.60646 -2.753664 -1.289073
476 1.144527 1.065636 3.171197 0.579252 3.887589 2.573061 2.775355 3.328155 -1.721917
477 0.656804 3.879544 -1.993557 1.442653 3.203985 -2.94189 -4.980726 3.07439 3.07822
478 -4.08464 -0.106396 -2.945059 0.717222 -1.17501 -3.983815 4.700225 2.739273 -2.129042
479 3.549259 -0.65088 -3.516729 -3.463834 0.484584 4.306082 3.076829 -2.66388 4.853833
480 0.091479 2.691195 -2.924044 -1.098483 1.318306 -4.149644 -4.194512 -4.14982 -4.190901
481 3.120158 1.504485 3.24987 3.838073 2.097654 2.87431 -4.494281 -4.463501 -1.678403
482 -4.432284 -2.038431 -2.85062 3.356152 -3.516053 0.737894 3.241172 -4.779059 -4.888075
483 0.216913 -0.048443 -4.614196 1.299965 -3.080841 4.181968 -0.177847 0.206995 0.193052
484 2.620315 2.323314 0.58478 2.073303 0.808625 -4.092847 4.942191 2.388705 -3.392565
485 3.889311 -0.830406 1.922163 4.870377 0.310925 0.124431 -4.98457 4.862542 -2.519068
486 4.362265 -2.841781 -3.645217 1.011474 3.657797 -4.440311 -1.54761 1.409256 -2.556999
487 -3.081952 -3.124048 1.829382 -1.107517 2.109914 -3.578397 1.660501 -3.604194 4.961651
488 0.574108 -1.534129 4.046729 -4.447332 -0.894342 -3.891302 0.652307 1.777979 4.4337
489 -4.349805 2.873798 3.682496 -3.846956 -1.421055 3.526958 -0.555606 2.989747 -0.47219
490 -1.423348 -4.685309 -0.627254 1.414047 -4.183172 2.252191 -4.476393 4.183671 4.208497
491 -3.213429 0.475206 -4.195041 4.003917 0.036554 -0.249314 -2.610276 2.50872 4.817508
492 1.010649 4.142029 3.841495 2.324669 -4.766464 -4.178823 4.505284 1.405387 -2.910577
493 -3.516893 -4.963257 -3.936993 -2.124266 4.119238 -4.419059 -3.503234 2.005198 -0.450373
494 4.26538 3.50077 -4.645051 -1.990528 -2.434428 1.886347 -0.96368 2.57002 -3.997807
495 0.158546 -2.870181 0.21052 -3.2519 -1.953676 0.231005 3.091152 1.838181 3.268885
496 4.053562 1.306429 4.00819 -0.61128 -4.174998 0.249856 -3.956729 -4.061335 -1.170525
497 -2.425921 0.004932 -1.699241 3.729323 -2.137842 2.210924 -3.118115 2.329998 2.573827
498 -2.766248 -3.380784 4.072137 -4.249494 -3.645615 0.266494 2.920729 2.552782 -2.305344
499 0.352348 1.986515 3.279027 0.025494 0.360642 -3.132353 2.343664 -3.281536 -4.682074
500 4.022396 3.561777 -4.59534 -1.205788 -4.90936 -0.014058 -1.779415 2.987006 2.356173
501 1.890388 -0.66445 -4.613398 -3.00356 4.555561 2.793215 -1.872324 1.37002 3.675375
502 0.764362 -4.505128 3.907833 1.818354 -4.54782 3.270589 2.694313 -4.403543 -4.081369
503 1.565039 -0.695746 -4.36112 -3.991919 -3.531626 -2.484075 1.389936 -4.355232 3.179487
504 -0.825455 4.681304 -0.131661 2.359804 -4.369461 -2.798184 2.823486 3.42735 4.935181
505 1.643504 -2.549384 1.906685 -3.829727 -0.987991 -1.937732 1.020889 4.610284 1.329356
506 4.285666 -4.807709 -4.085051 -2.399283 -1.846045 2.453966 -2.597498 0.80882 4.62706
507 -1.574776 2.128996 3.186596 -2.251095 1.192819 -0.197793 -4.010673 -3.339027 4.742366
508 1.5735 -4.236023 -0.885506 -4.565198 3.247099 -0.28037 -1.793014 3.768259 1.514183
509 -3.942266 2.899356 2.320446 2.939817 0.391465 2.804243 3.302784 4.642147 3.967164
510 -3.032702 2.20465 4.815514 2.637521 -2.454432 3.825913 0.004913 -0.541402 1.65083
511 -3.417132 4.895305 -0.300196 3.780003 3.929693 -3.596204 3.966354 -0.581365 4.896799
512 -3.962952 -4.752567 -3.020603 1.324543 0.677226 -4.842981 -0.042457 -4.902284 -2.466815
513 -3.07776 -4.030256 -0.961848 -0.298655 -3.015102 0.535292 0.788773 2.813495 3.042598
514 3.591708 2.053076 1.342344 -1.777127 -3.746207 2.030335 1.434038 -3.895267 -0.838665
515 -0.536706 2.096217 2.666778 -3.170043 1.17142 -3.191662 -2.092355 2.660394 -4.154221
516 -2.273842 -0.129512 4.969666 2.675832 -2.910484 -4.282876 -0.513162 -0.397517 -0.757297
517 -3.762889 -4.162968 -1.774458 3.187206 2.476358 -1.235902 0.259304 -3.130227 2.136898
518 4.370238 -3.521877 -1.652213 4.389231 -3.611128 -2.929852 3.858759 1.12003 4.620006
519 0.418742 4.859703 4.483906 -2.699863 -4.44455 -3.816083 -1.024753 -0.833592 0.745749
520 -1.158525 1.277339 3.369882 -4.200862 0.456485 -1.800843 1.886465 3.512782 -1.344877
521 2.044514 0.759612 0.867225 3.240107 -1.279978 -3.201382 -4.457586 -1.341747 2.671133
522 -3.550279 -4.304762 -1.983944 1.653727 0.099994 -3.995948 4.77128 -3.317697 -2.082371
523 -1.949024 2.900477 2.817672 -3.759724 -0.745119 -3.986294 3.199318 -1.531985 -3.822394
524 -0.744169 -3.684826 -4.43882 -1.215515 1.612007 0.691733 3.860877 1.673268 -4.928259
525 3.976885 4.139091 -1.363489 -4.140546 -4.965317 -0.352076 -3.505061 -2.517977 0.354847
526 1.123291 3.399453 3.678552 -2.017699 0.073958 3.644366 0.924236 2.56693 -3.262292
527 -1.558298 2.733186 -0.865048 2.789751 -2.164468 -2.601962 2.872489 -2.370225 -3.682052
528 3.335183 -3.88484 -0.987873 -0.026015 1.137103 0.542653 -1.847656 3.588052 -1.965694
529 2.280066 -0.345204 -0.498089 3.754224 -0.818345 -4.967173 -0.698506 4.224962 3.446928
530 4.21554 -1.957879 -4.635695 2.234899 1.243464 1.926818 2.502577 0.512772 -1.779869
531 4.103963 2.797176 0.136807 2.432271 0.503578 2.343809 4.261271 1.42379 2.496836
532 -0.152703 -1.781231 2.89122 -0.456269 2.262425 -0.491875 4.155685 1.404875 1.141091
533 -2.496826 -2.277949 -1.486717 -4.712304 0.311946 3.605942 3.112069 -3.707038 -2.425482
534 0.587726 -1.785441 -3.045613 -1.163172 2.49805 -0.221049 2.823479 0.003586 2.073406
535 3.111857 -1.89949 -4.66142 3.509094 -2.794898 3.11851 -0.808264 0.031275 -2.748765
536 -0.872859 3.82955 -1.222723 -0.622199 3.102001 -0.726911 3.49716 3.586693 -2.542521
537 -0.376031 4.447821 1.255317 1.858088 4.9806 -0.3916 3.064134 4.801666 -0.934093
538 4.774575 3.509771 -1.824982 1.417047 -4.256624 -4.628128 2.165412 0.796432 0.374412
539 -4.910339 -0.682517 -1.646505 1.80099 0.569813 1.779462 1.711058 1.867094 1.902667
540 -3.410935 4.861889 -3.733577 4.692271 1.921022 -1.645132 1.442952 -4.175987 1.944707
541 2.249622 -4.360431 -0.626506 1.379923 -4.71303 -2.841378 -3.18263 -0.838787 -2.710147
542 -0.413737 -4.112964 -3.833111 3.029595 1.004985 -0.396403 -2.264332 1.034994 -2.284777
543 -1.405131 4.631216 -0.130622 1.535805 3.908363 -2.183509 -1.318423 -3.385528 -3.528453
544 3.576272 -3.977788 3.968141 1.390867 3.088654 3.388436 2.445051 0.192151 -3.618019
545 -3.781345 0.916545 -3.422152 -2.780766 -0.773429 3.421801 -4.745733 1.004368 -0.098323
546 3.216679 0.899508 -0.942869 2.924515 2.787878 3.71039 -1.225559 -0.576076 3.183357
547 -1.749959 3.369232 -1.946329 0.046513 -0.7661 4.301082 -4.379548 1.210767 4.557165
548 -0.005341 -2.803962 -2.903977 4.024637 -0.990425 -4.940933 2.762658 1.391343 4.272429
549 -1.538538 0.971284 -2.604227 4.831688 -1.562485 3.911133 -4.251061 0.86199 3.516476
550 1.275954 -4.234954 -2.948715 -0.794846 -2.627992 -3.087829 2.528675 -1.976212 0.17114
551 1.788576 1.728222 -4.146112 3.926317 -2.195942 -2.942558 -4.889165 4.622963 -4.094596
552 1.211055 1.229921 -1.46043 -1.15517 0.191902 -3.186626 3.28954 2.239801 2.909079
553 0.081975 4.835035 -0.146659 1.315715 3.18341 3.525968 -4.058423 -1.303345 3.036003
554 4.102557 2.235959 0.085917 -4.747464 0.173001 -1.663837 1.734914 0.5785 0.373791
555 4.038389 -2.398803 2.26887 -4.211599 4.530797 0.821972 -0.221954 3.274001 -3.604741
556 0.693464 -1.134496 -3.693985 3.85835 -1.883782 -4.81889 -2.900012 0.19673 -3.93458
557 -4.48865 -3.37448 3.529863 3.364451 1.422348 1.18279 -4.494208 -4.290717 -2.717515
558 2.234326 3.624598 -0.425908 1.742383 3.970592 1.147601 4.514995 -3.014893 -3.58187
559 3.193216 0.296461 -3.332687 -1.944169 3.42052 1.916109 3.715501 3.781832 4.201332
560 3.596326 3.795881 0.690386 -2.841176 1.626596 2.508988 -3.524138 4.912753 -1.819847
561 1.407159 -3.252223 1.73832 -1.981202 0.984971 2.424702 -3.649815 -0.237783 -2.072186
562 2.287299 4.294842 4.256658 4.699646 -4.832029 -3.418183 -1.580913 1.725194 4.651345
563 1.358553 -0.029174 -3.21553 1.829003 1.251931 -3.15616 2.292792 -4.581059 2.187227
564 -2.062696 -4.726237 3.405341 -2.750862 1.537971 1.15417 4.88274 -1.710941 1.439978
565 2.134683 -1.842193 -1.668798 2.05542 4.138039 2.345884 -3.257026 4.513896 -4.308908
566 3.521005 4.088316 -4.369055 -0.136568 -3.873582 1.508215 -3.522762 -4.766489 -0.861657
567 4.759969 4.133342 4.063942 1.379284 -4.826497 -3.757846 -4.347171 -0.834549 -2.235082
568 4.521607 -0.251377 1.651979 3.973886 -2.054336 -0.410976 -4.980425 -2.203391 -2.17631
569 0.237306 2.367005 -2.656537 -2.197816 4.482335 0.58988 4.721543 -3.19051 -3.156691
570 2.196637 -3.727431 3.957751 -0.566273 3.226129 -2.594602 -2.806419 1.356498 2.289406
571 -4.083799 2.575515 -1.730594 0.205618 -0.530154 3.725731 3.246 3.770671 -2.120861
572 -3.705731 -4.384557 1.46572 -4.506087 4.741264 0.561662 4.329968 -4.330382 -0.108012
573 1.36411 4.546757 3.464134 -4.141023 2.838075 -0.666511 4.92142 -4.27881 -1.144727
574 -0.22419 -0.241742 -1.23692 3.73248 -3.879547 -4.154716 -1.775001 -2.661063 -0.044343
575 -0.049224 3.913135 3.163679 3.250108 -3.65031 4.727611 4.339816 4.581858 -4.174373
576 0.57768 0.495448 -2.772542 -3.255459 0.356883 2.446101 4.434411 -1.748268 0.892455
577 4.295657 4.138023 3.699654 0.748483 3.628416 -4.674859 -4.31597 1.008396 -3.047912
578 4.746838 0.420684 -3.513041 0.061594 -3.908918 4.07089 -2.354832 -1.681585 -3.218283
579 3.400105 -4.393479 -4.304688 3.647479 -1.929128 -4.161523 -3.810144 3.443066 -3.624301
580 0.589854 2.213633 -3.520574 -4.601347 3.473111 0.605671 -2.958516 1.83666 4.228551
581 -1.590967 -3.331142 0.427658 1.129565 1.507287 -0.46557 -4.826563 0.274851 4.035871
582 3.050964 -2.005829 -3.545671 4.30915 -3.377741 -2.668712 -2.805367 1.681948 4.1926
583 -3.015378 -0.019444 -4.281893 -4.575523 -0.674805 -4.173001 1.870319 -4.266801 2.376846
584 -1.355174 4.166909 -4.33936 -1.214377 4.215759 1.603273 3.357725 1.245368 2.869923
585 3.143326 -3.077161 -0.971285 2.22361 -1.855821 3.685365 -4.129588 2.296653 3.989104
586 -2.018968 0.760949 2.225245 1.574767 -0.629489 3.1023 -3.802961 -1.690386 -1.957001
587 0.564718 3.038761 -0.259091 -0.329197 4.000541 4.404342 1.342306 -1.182418 1.472412
588 -1.215958 3.752386 -0.368863 4.208915 -3.210284 -1.473019 -4.853088 0.016176 4.259341
589 2.198948 -0.174127 0.730602 -0.207876 -0.613673 0.521641 2.886593 -0.756009 4.169936
590 -0.141038 -4.723397 4.135816 2.514565 4.892033 -0.23295 4.012716 4.410397 3.031138
591 1.815141 -3.202577 -3.514202 4.346611 -4.892519 -3.945533 0.739577 -4.103339 0.966657
592 4.759937 1.713193 -3.030364 -1.000315 -1.201184 -1.13088 -4.857193 2.202249 3.463533
593 2.237419 -2.385312 3.426109 1.89888 -2.462018 -1.586898 -0.085231 0.002951 -2.422919
594 4.924411 1.538071 -3.020983 4.046982 -3.709943 3.939995 1.212677 3.579274 0.386554
595 -2.232557 0.093889 -4.60072 4.238471 -1.582522 -4.080888 3.787116 0.011826 3.332661
596 3.231906 -4.338241 3.332777 -3.234095 -3.145702 2.637997 1.47088 2.155049 1.564711
597 -0.72867 -4.543551 3.60335 -3.342809 -1.965871 4.939344 3.18623 -4.436057 2.155104
598 -1.008449 0.190847 1.375607 3.842259 2.7413 4.841826 1.073558 0.450255 0.552255
599 -0.604168 -0.227536 -4.64858 1.695319 -1.002833 -4.690378 1.050256 -3.018186 -4.133467
600 -0.41507 0.918239 3.87621 2.63308 -4.069147 -0.273857 -0.255964 -2.089977 3.919449
601 -1.389735 1.847951 1.585798 1.666273 2.698724 2.548832 -4.153328 2.742782 1.821468
602 1.62949 2.767237 -2.647848 -0.328359 -0.079876 -1.319659 -0.434826 3.839654 3.089664
603 2.393491 3.841708 2.378274 0.1986 1.554164 -0.65589 4.104946 -1.197039 -0.852707
604 1.716 3.530549 -0.950976 -1.709974 -4.168032 -0.248037 -2.551715 3.1882 4.191722
605 4.087564 -1.974075 4.417016 -0.966773 4.286882 -3.98784 1.076119 -3.228283 -1.728367
606 2.660454 -4.27493 3.515992 0.838807 -4.97086 3.72359 -1.408093 3.403988 2.073673
607 -2.262169 1.638636 -1.001853 0.997058 4.64731 0.964242 1.871665 -1.850807 1.775341
608 -2.944614 0.515754 -0.117372 1.18559 -2.545293 3.686945 2.148888 3.693587 1.025376
609 -1.433979 -2.029756 0.030076 2.410884 4.323208 3.068707 -0.168235 -1.183644 -0.92011
610 4.655782 4.727969 -4.843525 -4.127641 4.031545 1.998851 4.298963 -4.95636 -2.157889
611 3.253937 0.369851 -1.478948 -3.435925 -0.933663 -3.906752 0.125689 1.329747 2.228291
612 4.42259 0.037103 1.384158 0.914619 -4.970784 0.768078 -4.713334 -3.534897 3.905259
613 3.200063 -3.592818 0.410339 -4.523145 4.238788 -1.139049 -1.266827 -4.850784 2.762349
614 -4.129041 -0.636698 4.548485 0.222979 3.08986 -0.850979 4.717109 1.220218 0.911006
615 -2.025659 4.601623 2.365711 3.201154 3.040667 1.34227 -1.604098 -3.153292 2.666162
616 -1.167985 4.610902 -4.226447 -3.487717 4.881211 3.378539 -2.109158 3.473549 -4.983468
617 -1.278462 -2.601071 2.748658 4.568665 0.358058 -3.821343 -0.975311 -1.845371 0.383799
618 -4.74033 0.719055 2.654564 -1.66454 -4.245898 2.041214 3.459107 -4.594126 0.40002
619 -0.878034 1.730492 -0.168622 0.911988 0.993118 -0.885878 -2.714233 -1.157191 -4.35624
620 -1.478212 4.341493 -2.49762 -3.152244 4.838148 -4.654702 3.56091 -2.946385 -2.813373
621 -3.407377 -0.754407 0.227306 3.207758 2.818915 3.526518 -1.510826 4.830764 -4.324352
622 3.827662 -2.428748 2.283172 -2.303219 -3.880513 -4.920657 3.101717 -1.689276 1.450112
623 3.197618 -0.025384 2.558138 1.031723 4.063444 -4.023381 1.93101 2.004323 -3.421679
624 -4.904177 -4.622947 -3.54021 1.037478 4.878001 -4.62656 -2.0322 -2.497635 -3.399609
625 2.360713 -3.865921 4.805046 -2.714522 0.620002 -0.54354 3.241317 4.473319 -0.43533
626 -4.694876 -4.942516 -3.452456 0.2748 2.080144 -1.759386 4.071257 2.923038 -3.69461
627 2.170459 4.659143 4.616917 -2.487316 -2.1856 3.233272 -0.115223 3.765929 2.338707
628 2.074952 4.902728 3.294048 -0.627998 -0.316877 -4.692758 1.643325 1.640957 3.996552
629 4.335369 1.548299 -2.587716 1.81972 1.988059 -1.723132 -2.203346 1.531247 0.517141
630 0.161621 -2.108929 -0.83576 -4.273889 2.548844 3.956437 1.4119 0.44686 -0.010543
631 4.976483 1.905592 -2.284788 0.297132 1.466969 -0.473101 1.733473 -2.92149 -2.031344
632 3.692596 2.662521 -2.297597 -0.415805 -4.305771 2.241044 -1.247897 -4.365075 -3.486125
633 -1.60772 1.258406 2.409165 0.293898 0.903663 1.86246 2.203759 -1.852484 0.847337
634 3.328571 -0.582759 0.026093 1.779705 1.944826 2.472296 -2.913712 -0.875239 0.439892
635 -2.89374 4.395448 -4.5679 4.295265 -0.166962 -0.298849 -1.464038 3.841547 -2.347981
636 -4.092189 4.900154 0.086459 4.713685 4.12444 4.424322 -2.178399 -2.494846 2.392598
637 1.574104 2.876948 -4.370096 1.220376 4.859374 -1.232305 3.466895 -0.063254 -3.855371
638 2.798192 -2.857182 -0.92452 0.982537 -0.719146 -2.967017 1.142057 4.131233 2.704026
639 2.17844 -2.754871 -2.86723 0.849157 0.196088 -1.756233 3.903288 4.831348 -4.19356
640 3.624182 -4.310595 -0.499968 -3.223924 0.62056 -0.776171 3.04888 -1.332933 -3.403693
641 -1.357448 -4.385494 0.166902 3.834574 -1.472285 1.518087 -1.231278 -2.537601 -2.793379
642 -3.993082 1.789199 -1.383051 -1.655087 -3.195861 1.808113 -4.151142 3.282964 0.716911
643 3.253989 4.504913 4.017718 1.162653 1.925182 4.787818 -3.356767 -4.076409 1.754201
644 -1.50465 2.630924 1.891224 1.722908 3.492633 4.006563 -4.887047 -2.862513 3.16622
645 -4.766339 -3.571538 -2.611496 -2.338987 -0.938416 -3.742836 3.011051 4.437134 -0.641144
646 3.271382 1.563036 -0.854815 1.174986 0.189666 4.597513 1.463946 -3.359275 1.062497
647 -4.878781 -4.584351 2.831691 -1.797932 2.703757 -2.677515 -2.631402 1.666522 -4.398456
648 2.274313 -3.049715 -4.103397 -4.591434 -4.248117 -4.563272 -4.214439 -4.825621 2.061499
649 -0.216805 -3.480663 0.634373 1.629434 4.697035 4.046677 -2.077894 -3.740314 3.835976
650 0.561803 1.114565 2.601758 -3.77983 1.320862 1.855597 3.992493 3.490488 -3.157452
651 -0.270008 -4.915918 -1.591363 2.727889 -2.692572 2.097648 3.584231 -4.876216 3.063145
652 3.274705 -4.48136 1.069262 2.030838 4.428626 -1.269336 -2.042106 -4.23255 3.877045
653 -4.44503 4.53381 -2.917345 2.205279 1.355374 4.945359 2.001021 4.620055 3.178853
654 -4.002881 1.491054 -4.988942 -1.311928 -0.360818 4.214408 -4.983718 2.303694 0.96757
655 0.070034 -2.965707 -2.317045 1.802662 3.44458 4.964723 1.211313 2.844489 -1.584968
656 2.913195 1.300345 -1.58768 4.665154 0.859109 -0.084372 -0.770841 -3.77743 4.649014
657 3.961243 3.308592 3.715097 4.671119 -1.27315 0.807179 0.943541 1.824556 -4.979175
658 0.66496 0.524244 1.033488 0.192394 0.362205 -0.794251 -1.584378 -3.565287 1.822339
659 1.328996 -4.052903 3.762119 -4.361959 -1.88242 0.367655 3.07779 1.411576 -0.053353
660 1.183211 -1.188326 2.329502 4.313336 -3.847687 -1.669979 0.871156 3.558109 -4.501437
661 3.300581 -4.955131 0.955792 1.671839 2.948191 0.492371 -2.108591 4.948238 -0.874281
662 -0.300944 -0.242506 0.950971 -2.737158 1.323323 2.634362 -0.784242 -1.932954 -4.926749
663 -3.70733 0.272805 3.801888 1.885335 -0.606346 1.895025 -3.97416 1.025957 -2.312293
664 -0.637351 1.246539 -0.811662 -2.731211 -2.340289 -4.629178 3.976091 3.73394 -1.065032
665 2.358788 3.770801 -2.776045 -2.469608 3.245152 4.99139 -4.100101 4.3283 4.88561
666 3.449938 -2.329857 -3.914308 4.380627 1.600443 0.547746 -4.206441 0.550605 0.886809
667 -0.910997 -1.94134 -1.649223 3.111955 -3.633376 0.333047 -3.289476 -2.899971 -3.846181
668 -3.522957 -0.052153 3.392556 0.655413 4.457094 4.895599 1.191939 0.295358 -0.946479
669 4.032356 0.672741 -4.913634 -0.983491 3.220298 -0.864401 1.71563 -1.789807 1.32801
670 -3.121086 0.140231 -2.133085 1.914195 2.341667 -3.574115 3.193023 2.71622 -1.256563
671 -1.74441 -4.709412 -1.456009 2.117708 -2.562994 -2.477482 4.246918 -2.70784 -1.95866
672 0.177686 1.692112 0.4145 0.408152 1.828592 -3.396773 3.657203 -0.77448 -4.454367
673 4.015234 -0.725071 0.552767 4.808187 -4.735255 4.504297 0.824723 -4.590349 4.985069
674 1.537688 -4.087268 1.657335 2.909479 -0.767589 -2.602272 -4.510852 -1.013159 0.286774
675 0.080313 -0.824522 4.371218 -3.396734 2.247148 -0.26611 4.413277 1.613034 -4.264807
676 1.747339 4.266954 -4.315833 0.514569 -1.206627 4.511404 0.517604 -0.247672 -1.309407
677 -4.650785 -0.20694 0.669227 -0.572437 0.834729 -1.506686 1.75086 3.157783 -3.280986
678 -3.751408 -4.174674 -1.874566 2.719489 -2.743268 2.689236 1.136885 -4.81818 -3.5929
679 4.560332 -1.923652 -2.768916 0.24315 -4.066929 -0.586328 -0.682898 2.061264 2.582419
680 -0.289739 -0.628023 -3.455936 -2.989945 0.826088 -1.293977 -3.810526 1.378892 3.472191
681 -1.007553 -2.073541 -2.95956 -0.817513 2.14371 1.393515 -1.076556 1.175667 3.722643
682 -0.365553 -0.032687 1.969801 0.850027 0.546195 1.828035 0.007018 0.266136 -3.933248
683 1.614234 2.00376 -2.450378 4.915541 1.922403 2.216375 0.145732 -3.419101 0.801297
684 0.352992 3.928866 4.606179 -2.877467 3.741653 1.826902 0.185374 -0.103611 0.925913
685 -4.102946 3.735696 0.031441 -3.0753 -3.663292 4.484755 -4.082155 3.222533 -3.049912
686 -2.087309 -2.053841 -3.920817 3.698391 -4.516873 3.405418 -2.200493 -1.874779 -1.958506
687 -4.894454 0.783374 0.480639 1.613281 4.22648 -2.456239 0.713425 -3.144728 -4.476729
688 0.968304 0.946025 3.554674 -3.430159 -2.307539 3.495154 1.823178 -2.57244 -1.265118
689 -4.479013 0.51197 3.068688 1.55022 1.433024 1.903079 1.765911 -1.009973 3.253344
690 1.531688 -4.863181 4.086394 4.073255 -3.703598 -1.824037 -2.872873 2.685134 -2.953926
691 -4.15777 3.189848 -0.523246 0.786069 -0.900794 -4.600593 3.867236 2.964669 -2.946093
692 2.804097 -1.194019 -2.355638 -0.573831 1.548247 -4.855182 -2.65292 0.391922 -2.298956
693 1.303609 -0.72017 3.848457 4.623962 -0.482532 1.437041 -1.489771 2.302441 1.002849
694 0.299761 -0.022093 1.218855 3.38751 -0.521196 -0.331153 -4.865495 0.973174 -1.207827
695 4.021438 3.16146 2.846939 -0.588068 0.419856 4.123723 -0.537494 3.151462 3.103265
696 4.6684 -0.241717 -0.172073 3.515527 -2.320753 -4.66249 4.294323 3.442805 -2.311691
697 3.5286 -0.310706 4.860225 -1.594093 -1.896782 -1.907934 -0.09473 2.080023 2.360304
698 -4.11003 -4.50478 3.764489 -1.637607 -1.909497 -2.704396 3.391119 2.435244 1.302057
699 -1.173374 0.841585 1.582369 -3.241725 1.122273 0.00232 -2.329097 -0.30777 3.15572
700 3.846456 2.836079 -1.892352 -0.505717 1.08993 3.198014 -0.186311 -0.366777 0.722969
701 -0.864984 -2.437292 -4.358938 1.819672 0.645315 -2.914346 -1.414991 0.083122 -1.618934
702 -0.532443 4.083829 3.442318 -0.993147 -4.249684 -4.332821 -0.508832 -0.050354 1.827716
703 1.841161 -2.527665 4.189375 -0.647784 -3.538155 -2.081676 -4.440497 -3.366043 2.609905
704 -2.645797 1.204155 1.335251 -1.849788 2.544079 3.455364 -0.32447 -0.364623 0.017735
705 1.621328 0.67325 -2.302978 -2.759387 -1.303891 -1.294152 3.182776 3.437561 0.429399
706 -1.293985 3.56865 2.352524 -0.54779 0.677567 3.327526 -4.840906 2.978541 1.768521
707 3.417783 1.535946 -2.904916 4.247081 -4.007885 4.779089 -4.618001 -3.858437 -2.085277
708 -1.189409 -2.3748 -0.627848 0.97858 1.071329 -0.608925 -4.312736 4.852433 1.190055
709 3.315396 -0.424292 -3.309687 -1.572713 0.687082 -0.904948 -3.462937 0.506677 -3.111309
710 -0.201381 -1.978753 0.853875 1.606615 0.12377 2.531867 2.148205 1.748414 1.073411
711 -0.07543 1.188768 0.359546 4.730794 1.386135 0.867633 1.021878 3.304898 -1.525787
712 -0.865226 -1.790901 -3.086325 -2.044023 -1.310738 -3.192596 -3.731575 4.198135 3.938651
713 -2.520253 -2.08042 2.97102 -3.119365 4.887953 -2.503766 3.307137 0.891691 -0.155245
714 -1.869761 -0.752571 2.765756 2.713068 -0.447535 -0.134128 -0.286832 -4.159231 3.109454
715 1.78839 1.51818 2.532851 0.921858 -4.56905 4.312896 2.373103 -4.317209 -2.623976
716 -0.890523 0.206271 0.197568 -2.917796 -0.902716 3.097206 3.325719 -3.826258 -2.548163
717 -1.26063 -4.603897 -3.959623 -4.529588 2.669039 2.55453 2.278479 -1.68948 4.425161
718 -1.613514 -1.395256 0.950785 -1.340928 -0.490971 -3.39508 3.678863 1.18181 -2.206848
719 -2.262392 -0.074241 -3.316 3.827377 1.285593 2.678576 -0.386955 3.284959 -0.933381
720 1.627731 -4.331019 -1.8912 -3.12404 4.189585 3.129258 3.353457 -4.922401 0.396597
721 4.401201 3.676098 2.370806 -1.031747 3.215227 1.157498 -3.188516 -3.058371 -0.534003
722 2.786779 -0.747417 -0.801316 1.76636 2.017789 4.570654 0.169584 1.175262 4.097246
723 1.038221 -3.662419 -0.624094 -1.820862 -1.851941 -3.018591 -3.363654 4.375953 -3.797905
724 -4.943475 0.263662 1.636611 0.988023 -0.862754 -0.303393 3.901887 -4.6119 -0.980095
725 1.155696 -3.413847 -0.052497 3.364088 -2.063382 -3.020015 1.569364 -4.18317 -0.019305
726 4.97573 2.983658 1.196978 -1.632088 2.631911 -3.693355 3.470717 -3.17891 -4.249784
727 -4.333171 -1.706816 1.729397 -4.732422 0.918023 -3.522889 4.772543 4.690121 -4.936953
728 -2.814087 3.800415 -1.973395 -3.774184 -2.572627 4.913453 -0.752624 -2.934296 2.023516
729 -0.647448 -1.900843 -0.019067 2.576645 3.061992 0.657226 0.409287 -2.780565 -0.935348
730 -1.727108 1.042428 -1.942086 -1.961174 1.489666 0.878498 -2.200425 3.174768 3.708483
731 4.567264 -1.97083 4.712104 4.273399 -2.046294 -1.401415 4.807609 -2.200191 -0.98131
732 -0.130715 2.606297 4.29003 0.784464 -0.214303 -3.551231 4.070982 2.218322 4.057337
733 3.759811 4.531441 -1.027371 -2.626518 2.50711 -1.885535 4.676279 4.17301 0.924837
734 0.723348 -3.531708 2.858999 1.822471 0.956867 -2.18741 -2.89609 1.63788 -1.113488
735 1.080242 -1.747332 -1.445866 4.90077 2.814812 -1.344703 1.748662 1.183433 2.926866
736 -1.42997 -1.954097 -3.402091 -4.491104 4.547292 -0.890391 0.409084 -1.941509 0.575512
737 4.081553 3.151453 -4.689662 -0.839698 -2.335901 -2.048634 0.948761 -0.501221 -3.624849
738 3.351712 0.879452 3.269459 -3.839241 2.781482 -2.955804 4.923976 4.998762 0.897655
739 3.096741 4.289623 3.230914 -3.350799 1.165356 3.911468 -4.40685 0.58676 -2.152018
740 -4.260478 -4.82344 -4.752825 4.554842 0.31138 -3.598455 -3.481401 -3.183001 2.070574
741 -2.018529 3.637358 4.993727 -2.187539 -3.965957 -4.910382 3.728788 -2.609327 -1.815038
742 1.529818 4.917001 -3.663933 3.601657 -2.610125 -4.892105 -0.169692 -2.679264 3.757172
743 3.629801 -1.385073 -4.028788 -4.951517 -3.797147 -1.254862 4.961219 -4.588779 3.148917
744 0.409664 2.027212 -3.762783 0.422073 -3.947943 1.648918 -1.82621 -2.692504 -4.624414
745 -4.119583 3.433738 4.130796 1.551997 4.778225 -0.279304 -4.386978 4.695065 0.33401
746 3.85445 0.976833 2.154096 4.037793 4.964471 3.263686 -3.921371 -4.923195 1.733871
747 4.357436 3.996088 -4.337388 2.603823 -1.570548 1.83019 0.920979 0.064536 -4.398625
748 -1.294457 2.439014 3.526517 2.606355 2.616637 -0.980081 2.901428 -3.686318 0.370555
749 0.273029 2.610314 -4.851546 -4.340742 3.311042 1.964387 0.136233 -4.00032 -1.914634
750 0.224718 3.414341 0.066842 4.01033 -3.006063 1.338186 -0.438808 -3.459906 -0.747118
751 -0.299676 -0.324202 2.968586 -4.851652 -4.075182 3.697994 -4.567376 -1.624112 2.759026
752 -0.021566 0.893167 3.761916 0.233725 3.309565 -1.155805 4.234389 -4.577066 -1.186881
753 -4.530263 -3.32314 -0.135065 -4.69402 -1.30727 -2.919638 -4.161937 -1.82082 1.052758
754 -0.246635 -3.350073 3.609309 -2.337076 3.168167 -4.425831 -3.945483 -3.86283 3.094257
755 4.817273 -1.757656 -2.637851 4.699025 3.64987 3.191383 4.6556 -1.92314 -4.024966
756 3.398512 -1.787623 -1.234002 -3.802282 0.367474 3.651027 4.003754 -1.29477 2.898867
757 -2.011458 1.919787 1.090023 4.732861 -2.918795 4.567693 -4.780679 2.251492 -2.796798
758 -4.458266 -3.836747 -3.160758 2.932131 -0.110032 1.901481 2.91157 2.477545 -0.772504
759 -3.397672 -1.174983 -0.243837 0.829509 0.311857 -2.333209 1.020951 -3.148425 -0.084854
760 4.703348 -2.134831 1.433112 3.114125 3.536889 3.084692 -0.836082 0.599114 3.698857
761 0.499916 -4.715084 -0.652701 -1.498487 0.430321 -1.815982 -1.660195 -0.476128 -2.030234
762 -1.128799 -3.060926 3.673491 2.20849 -2.32211 -1.130517 1.26547 3.695426 0.693318
763 0.238199 4.017725 -3.090616 -2.262309 1.012434 4.744166 4.057691 -4.792574 -3.44446
764 2.371871 -3.118638 1.344064 2.165309 -1.846309 -0.538532 -0.16769 4.977819 -3.28823
765 3.222294 2.182128 3.619394 -3.983019 3.471611 -4.617174 2.978942 2.634072 -2.76626
766 2.503495 -3.38123 4.915337 -4.968028 -4.772235 0.745162 -4.216893 1.697308 -0.262938
767 -2.940268 1.730124 1.934072 2.737965 -1.780328 0.782199 4.873661 -3.846153 3.211723
768 -2.287669 -3.515983 -0.999317 1.628341 0.780917 4.715241 -2.946714 3.752765 4.848795
769 3.212917 -4.656062 4.002121 4.963751 0.942967 1.024998 3.06363 -2.971684 -4.377215
770 -3.085985 -2.939196 -4.342172 2.037732 2.160419 -4.154227 3.44602 1.074868 0.98582
771 -3.791274 0.377652 -3.210861 2.820469 -3.660505 2.09653 -3.849295 3.878041 3.432433
772 -3.450128 -1.349069 3.941342 -0.130071 -0.778627 -1.516612 -1.77829 -3.729549 3.876313
773 -3.768648 1.822362 4.638464 -4.202482 4.227352 0.823452 3.187387 1.43307 3.597666
774 2.304797 -3.622397 -1.718703 -4.184668 1.306095 -0.252606 -4.711462 0.202276 -1.62192
775 -3.67652 -3.728751 -2.114912 3.19551 -0.369632 -2.998331 2.835796 3.878233 -0.864739
776 -2.130672 -3.81177 0.883994 4.730494 -2.118561 -2.193589 -0.608557 1.122232 -1.093349
777 -3.932497 -0.945992 -2.54372 0.658237 -0.066227 -3.919126 -4.052217 -0.629882 -2.531841
778 4.907987 -0.056545 -4.074656 -4.191941 -3.485726 4.150458 -0.673779 -3.682244 -2.332267
779 3.874261 3.605422 -2.087333 0.069021 -1.081255 1.016406 -4.58305 2.473719 -3.896229
780 2.853468 2.972707 2.920548 -0.365196 1.815143 -0.956106 0.244921 -2.496999 2.027873
781 -1.990289 -1.740834 2.457892 4.748088 -4.021827 -3.265529 -3.215553 4.06026 3.593304
782 -2.157784 -0.906113 -3.041545 -1.929268 4.811698 -3.897383 2.050198 0.774132 -3.683858
783 2.438447 2.589527 0.477598 -0.874236 -3.075175 1.69385 -1.979647 4.558354 -2.780348
784 1.977354 2.400999 0.477016 -1.76985 4.442075 4.661566 1.091124 1.153454 3.694984
785 -3.763645 4.196385 -3.341128 1.024312 1.211764 -0.290849 4.360143 -1.062162 3.834883
786 4.10127 -3.112011 -0.72032 1.965175 2.543308 4.869542 -2.432681 -1.789582 1.896415
787 3.710089 1.250069 -2.988567 -2.942127 -0.682115 -0.61276 -4.418433 -0.607069 3.708993
788 -3.190396 2.325848 -1.987125 -0.998851 3.551666 1.789939 -2.205478 -1.126422 2.37998
789 3.238116 4.735317 -0.519436 -4.217501 3.282861 4.569415 -3.798878 2.738362 4.664714
790 3.589724 4.453617 1.747103 1.00654 0.122458 -2.734379 -4.715088 0.687319 1.189039
791 -1.074641 1.544556 -3.019667 -0.342108 -4.392462 0.84178 -4.842288 -3.006354 4.110385
792 0.984061 -1.865053 0.991981 1.300426 0.485465 -3.318781 4.644446 0.814281 -4.42516
793 3.070127 4.045846 -4.004846 -1.724123 -2.025635 -4.94845 -1.067258 -2.822416 2.309466
794 0.988399 0.0597 -1.887018 -2.628232 2.803185 0.640388 3.2406 -1.54079 1.640583
795 1.65328 0.425462 -2.269013 -2.558775 -1.603532 -1.35369 -4.049848 -2.51373 -4.809264
796 1.619332 -3.006073 0.491932 0.673022 -4.886262 -4.983156 -2.666343 -1.227311 -0.605994
797 3.629249 2.009519 -0.227912 1.477974 1.175712 -2.390024 0.566564 -1.982639 -2.558949
798 -0.799116 -3.810016 2.206996 -0.581342 4.100644 -2.62367 -3.364533 2.214252 -2.621707
799 4.524511 1.922987 3.741706 0.984276 -1.697612 -0.600952 -1.748574 -2.226859 4.541445
800 0.326217 -3.003585 -3.453093 4.50261 -1.253709 4.50063 -4.639914 -1.322283 -0.319813
801 1.697518 3.102012 3.574653 -4.40239 -4.28807 2.789017 2.204744 3.099522 -3.195846
802 -2.223258 -1.128465 1.497772 -1.187243 1.117867 -2.129514 0.89335 -1.012347 1.032842
803 -1.566725 2.418316 -0.2818 4.958901 -2.587294 2.197367 3.43348 -4.805114 3.095535
804 -1.028425 -0.943008 2.111673 -2.873345 1.229673 3.777033 1.321921 2.147081 0.259114
805 2.076641 1.986839 3.358241 -3.119598 3.931394 -4.799578 -1.443175 -4.352809 -3.389731
806 -2.475663 -0.831441 -0.16685 -3.046323 2.567935 -4.309154 1.01149 4.476649 -0.877465
807 -3.021933 -3.411181 0.116271 4.943073 -3.227724 4.774612 -2.548032 1.01792 -1.122208
808 -3.592864 2.165929 -0.037346 -2.802338 3.189611 2.649071 2.047301 2.949572 -3.39406
809 2.137067 3.98154 0.761472 -3.49861 -4.902318 -4.669346 -2.05921 -3.897139 -3.321887
810 -1.969929 2.664049 1.434554 3.319712 -1.27926 -2.91474 1.709258 -4.755938 -1.285033
811 -3.02807 1.368825 2.496402 4.483723 -1.596679 1.930245 -4.135709 0.667435 1.460991
812 1.54151 -1.129195 2.169988 3.126153 -4.742805 -0.283463 -1.459325 3.358516 -0.622691
813 -2.67903 2.439074 2.258716 -4.847882 2.315424 2.608507 -1.022267 2.52324 0.187597
814 -4.480978 2.609935 1.877351 -1.761191 -1.684091 -2.097247 3.142774 -3.06476 3.350113
815 0.288978 0.772712 -1.146809 -4.73134 -0.700702 -3.659847 -2.238579 3.440084 1.839825
816 2.950274 -4.151681 -3.445166 0.562522 -1.783849 -1.384826 2.350461 2.862723 -0.580499
817 4.396952 3.064392 -1.860087 -2.871417 3.58613 3.83963 -2.625366 -1.110972 1.791799
818 2.541081 3.781242 -0.486623 -1.725795 2.599648 -4.470376 -3.092907 3.293229 3.616577
819 2.541974 2.395794 -0.38588 3.140327 3.156597 1.477113 0.29148 3.172185 2.046375
820 2.489697 -4.68716 -0.607743 -4.970453 3.553283 -3.441906 -1.386424 -4.916855 -1.979606
821 2.448649 2.371599 -4.666113 0.4239 1.582904 -0.53842 -0.335905 -0.857811 2.399779
822 2.630574 -4.257701 1.464264 3.554423 0.855838 0.111778 -3.475694 4.759361 1.63213
823 -4.919614 -0.782067 -2.371659 2.24204 4.324857 1.828355 4.846844 1.688654 3.684689
824 -2.812412 -3.837759 -3.119321 2.650895 -4.934557 4.047378 4.624918 -1.573178 1.233683
825 -2.533397 -4.817303 -1.566951 -1.34632 -4.449926 -2.676559 -3.65891 3.505947 -4.418004
826 -0.332241 -3.742162 3.301613 -4.769242 -4.326268 -1.126851 -1.869212 -1.01749 -3.829472
827 -0.617046 3.208234 -3.388453 2.55311 4.931442 4.712635 3.846922 -0.282267 -1.622
828 0.388717 -4.013183 0.958632 1.900612 3.559337 -4.453567 4.927175 -1.792661 2.017456
829 4.616094 -1.793953 3.014008 -4.322566 3.256084 -4.171204 0.763209 1.701287 -1.61453
830 -0.40207 -4.906505 2.957187 3.88926 0.448818 -2.540268 -2.628034 -3.800911 3.974284
831 0.344565 2.836121 -3.84828 -2.334834 -2.779021 1.125388 -0.332425 -4.560198 -2.358008
832 4.936934 4.515673 -0.599182 2.431359 -2.409996 -4.336358 -4.024983 -3.251185 -0.308246
833 -4.726992 3.273983 4.569113 -4.958545 -4.202064 -4.39519 3.094967 -4.208383 -3.870603
834 1.885138 1.527527 0.232516 3.768658 2.857015 -2.730307 -4.129409 -0.393285 2.466706
835 2.017053 4.913674 4.52337 -0.375548 -3.488872 -3.867022 -1.569328 -3.995019 -2.394541
836 -3.330082 2.552975 3.608006 3.876351 2.190347 2.899468 -1.944258 4.654248 -4.09196
837 0.376343 1.835631 -2.556281 -3.95045 -0.586948 4.981238 2.592514 -4.844185 1.86319
838 -3.686195 3.722344 -4.726906 -2.154001 4.703555 -0.212712 -2.685157 -3.489843 -3.60935
839 4.77301 2.362783 -3.505047 4.964871 -0.326063 4.146803 3.388477 4.505864 -4.383142
840 1.49009 -1.499774 -4.741043 1.938699 -2.34927 1.42106 -3.627346 -2.403651 -2.238357
841 -4.456349 4.949817 -0.244963 -0.842527 -1.094531 -1.369191 -4.52239 3.663465 0.048378
842 2.401007 -2.35545 -0.453285 1.792566 3.957861 -2.142207 -2.235385 -4.983072 2.137665
843 -3.924353 3.223844 -2.456793 -0.896789 -1.528384 -3.570961 3.501306 -0.56555 -2.068636
844 4.802359 3.164858 -0.388633 -1.526606 -0.489281 4.567515 2.481308 -1.533268 -3.707368
845 -0.95637 4.205274 -2.628734 4.220713 3.763498 4.045746 1.799691 3.335097 3.336102
846 -1.335027 -0.278005 3.657435 3.899737 -3.427933 3.523476 -0.114713 1.46896 -3.489743
847 -1.741236 0.48191 -3.124247 -2.275438 -3.212879 1.251865 3.022748 1.285834 -3.03346
848 3.79642 -2.699179 -2.708531 -4.802943 1.949717 0.387215 4.326794 -1.724595 1.018701
849 -4.844731 4.831819 -3.281169 3.884623 -2.395144 -1.59966 -0.163751 4.376779 1.59085
850 1.472373 -0.401876 -1.108478 2.619077 -0.668026 -0.893621 0.404874 3.191111 -0.923567
851 2.51671 -1.626327 -2.786544 2.803162 1.734893 -0.176306 -1.086694 4.261304 -0.662097
852 4.986571 2.650429 0.350264 3.14679 -1.24534 -3.694791 2.398847 4.143195 2.325315
853 3.316632 -4.343469 4.061778 -3.863463 -1.157976 -1.873405 -3.667276 -1.241059 0.991442
854 -3.152452 2.205014 -1.576986 0.831147 -3.685184 -1.089584 3.826575 -3.365939 -2.491782
855 -3.724749 1.472422 3.242388 -1.079268 0.002846 -1.716691 0.698681 4.093533 1.653558
856 -2.240109 3.884209 3.239129 -4.741341 -3.028502 -2.820719 -3.251375 -3.646752 -4.43173
857 -4.955342 -4.890235 3.680607 1.008687 1.949238 0.837714 3.131621 -0.52555 1.196212
858 -1.359521 -0.154663 0.170671 4.555907 -0.608269 4.241618 0.546729 4.775552 -1.281704
859 0.709586 1.499253 -2.821521 1.553047 -4.043951 1.462562 -0.648586 -1.129249 1.044911
860 3.292692 -2.093012 -4.150454 1.024723 2.838975 0.996179 3.694195 -2.438066 0.82464
861 3.425503 -4.70023 2.215512 -1.912378 1.294507 -1.135944 -2.773441 -4.786566 -4.108785
862 -3.051309 0.972221 4.865603 -3.872002 -4.09198 -2.012792 2.393637 2.818747 4.158538
863 0.156711 3.420908 -1.979901 0.067332 -4.545637 -1.681418 -1.055953 -1.788819 -3.2177
864 1.648 -3.641831 -2.630965 0.195599 1.431853 -2.247161 1.430886 4.675581 -4.549609
865 1.018099 -4.957327 2.964208 -3.832188 -2.657167 -3.026474 2.301779 -3.78533 3.138593
866 -4.86792 1.266504 1.76359 1.720375 -3.623831 -2.666186 3.27012 -3.484968 -1.358548
867 -4.806029 2.568769 -2.025312 2.641008 2.852754 -1.762047 -2.613414 1.776741 -0.022938
868 2.447663 -0.522344 -3.818908 -2.697838 -2.192483 -3.817832 4.901354 -3.671054 3.417366
869 -4.265425 4.296375 -1.761681 -4.712303 3.227135 2.075848 1.405392 -4.893367 -1.739782
870 1.204294 -2.87977 -4.1079 4.250477 -0.995674 -4.574352 1.002813 2.380368 4.384458
871 -1.333909 -3.063129 3.446964 -2.022166 -4.98348 0.074122 -2.411086 -2.090746 -4.299926
872 1.590304 -3.050741 -1.741725 -0.887993 -1.032348 -0.816033 -2.99561 -0.145854 4.003579
873 -1.581803 -2.812336 -1.618956 -3.214291 3.971508 -3.323111 -3.461766 4.355275 -2.4199
874 -2.918244 -2.59806 -2.456015 4.652895 0.063137 -4.807287 2.212063 2.907921 2.866692
875 4.993807 -2.148065 2.248158 -2.410238 3.728249 -1.011439 2.291969 3.582088 -3.7998
876 3.288244 0.616751 -4.068832 -0.656294 -1.597073 4.942304 -3.281889 1.321604 -3.271305
877 2.909109 -4.915394 -0.68105 -2.264052 4.351342 -1.139523 1.598162 2.087184 4.203692
878 -4.552387 0.583968 -0.405645 -3.483326 0.295692 1.341429 -1.560168 -0.239585 0.90812
879 -0.557913 2.402021 -0.891727 -1.413471 -0.072235 -1.324365 -3.47579 -2.677778 -1.465896
880 -2.279707 -1.88941 -4.647528 -4.714787 -0.706265 4.858241 0.937714 -2.823147 -3.17935
881 3.430745 -4.28748 0.155155 -0.149763 1.641343 -0.102194 -3.196548 0.26333 -1.546164
882 -0.744329 -1.872561 1.986383 -2.693985 2.518247 4.54261 2.128807 -1.040461 2.562589
883 1.833914 -0.744628 -1.427234 -1.632004 -2.944123 -3.738665 4.484615 0.956052 4.256262
884 -3.434826 -1.276628 -2.002558 2.392441 0.750179 4.459942 3.808343 -2.284888 -1.507081
885 -2.295426 -3.69303 -2.584381 0.435164 1.313488 -4.591274 -1.926429 0.286918 4.103875
886 2.610093 -1.323995 -4.275754 2.947252 -4.832907 -4.586498 -4.004055 -4.563452 -2.518887
887 3.360171 -0.393089 -2.874796 3.632352 -1.924415 -2.137412 2.355613 -2.211103 4.000542
888 1.778391 0.041367 -2.554515 -0.230294 2.635344 2.688068 -0.385759 2.269569 -3.964434
889 -2.782356 2.854164 -4.366383 -0.094695 0.7243 -1.930472 0.613775 -1.266616 1.07384
890 3.92056 3.736167 -3.144454 -3.558954 2.915687 -4.743332 -0.706811 -2.851604 -3.515371
891 -4.8549 3.055276 -0.515755 -1.76251 2.105453 1.71919 -1.297015 -3.857941 0.094479
892 -2.873328 -3.168256 0.858063 -2.058115 -2.088968 0.107964 -1.14637 -1.536765 -4.505013
893 -4.977207 -0.868828 -4.581829 -1.058701 -4.258309 -0.494804 -0.332072 0.78192 -1.258185
894 1.437282 0.188447 4.215276 -3.799155 -4.828974 2.557971 4.012634 4.885091 0.979888
895 -1.041299 0.346689 4.995892 -4.623621 3.850632 4.947579 3.970344 3.30204 -1.823156
896 -2.661374 1.221222 -4.243267 -3.492473 -2.049884 -1.052739 -3.50098 3.989128 -2.156532
897 4.093849 1.570761 3.892081 3.596659 -4.19709 -2.285039 -3.482711 -3.189084 -3.663808
898 -3.66355 -0.408309 -3.984341 -0.82496 -4.621279 1.34968 0.088754 -4.845613 1.364195
899 0.823143 1.250498 0.471114 -0.225189 -2.835149 3.743223 -2.602244 4.041142 -0.734258
900 4.979417 3.034902 -2.235852 2.988346 4.366225 -4.629012 0.27613 -1.632703 4.959435
901 -3.208046 -0.181462 -3.991879 0.632263 -1.068817 0.037174 1.104467 0.229063 3.908175
902 -2.454763 -1.924282 -0.630257 -2.397285 1.409381 -0.757235 -4.829662 3.42199 -0.883788
903 2.514787 0.341525 0.003373 0.145374 3.913691 -3.469545 -0.80394 0.805817 0.765625
904 -4.327244 -3.149464 -1.004936 -3.826777 1.038633 3.332551 4.120162 2.942209 3.504014
905 -4.975511 -3.554605 3.79801 -2.161509 -0.581718 -0.922242 -1.614638 4.071821 -3.740683
906 2.662661 -1.137671 -3.022864 2.991045 -2.163634 -0.246646 -0.274029 1.68829 -2.767294
907 -1.852509 0.002145 -1.922168 3.799782 -4.746785 4.244417 3.975264 0.988545 -3.311949
908 -0.496554 -1.968315 -0.91239 -3.31963 -4.002352 3.543049 -0.91588 -2.650293 4.792657
909 3.018142 -4.247841 -4.75177 -2.454267 -2.244757 -0.983326 -4.963373 4.471473 0.753552
910 -1.150117 1.415779 -0.333588 4.807918 -2.50293 -4.905161 -1.797101 -2.057855 3.992096
911 -3.043425 -0.634143 0.289778 0.408474 -4.389154 3.448011 4.127041 2.584035 4.286493
912 -2.974834 3.282057 3.031448 -0.946624 -4.020861 0.450264 -0.393825 3.907649 -2.059894
913 -1.311499 -1.733063 0.540383 2.662746 -1.971059 -2.159924 -1.533873 -3.336249 1.795173
914 3.961636 2.361085 3.5493 -0.827888 -4.963693 0.15899 4.051989 -1.750275 0.257338
915 -0.015924 -1.391913 0.779217 3.916292 3.841613 -1.267807 3.548401 -2.529164 -1.614628
916 3.316868 3.038325 -4.559043 -3.795662 -1.138831 4.179458 3.644142 -0.816748 -2.040464
917 -3.431448 -2.960528 2.878781 -0.956277 -1.310523 2.703567 3.020088 -2.284565 0.725522
918 -3.264409 3.880441 -3.028379 -2.849591 3.677271 -1.661234 4.676063 -3.821678 -3.054618
919 1.606761 2.400786 1.956372 1.533283 1.848167 0.355985 -4.680248 1.014766 2.920214
920 -4.839996 1.478738 -1.784048 1.739216 -3.440292 -4.371169 1.810096 3.571985 4.122774
921 4.627622 -4.478038 -1.148868 -0.439736 0.532564 -1.923657 4.272336 -3.973774 1.32039
922 -0.026607 0.316939 0.258224 3.661511 4.350695 -0.288753 1.48846 -0.693497 -4.049387
923 3.42729 2.52397 -3.761509 -0.781191 2.37318 -4.156756 -1.206767 3.653422 2.44173
924 1.142444 -3.47055 -3.007023 -1.418974 -4.587512 -0.508116 -2.917527 -1.64345 -2.64053
925 3.267256 -4.613487 2.885372 -4.206118 -4.111293 -3.911013 -3.475632 0.582911 -0.928693
926 1.432105 1.393762 1.00401 -4.71133 -2.075189 -2.397188 -0.193731 -2.3005 -2.886004
927 4.936003 -3.990104 1.437075 -1.19849 3.715481 -4.65724 0.424798 4.495192 3.762968
928 0.320437 3.018284 -2.372282 -0.376713 4.83279 -1.890053 -0.146175 -0.629205 1.683307
929 2.325974 0.475981 -2.829539 -4.096123 -2.968574 -0.504015 2.37273 -1.133628 -3.9231
930 1.896429 0.36083 4.611638 -1.595628 -2.085351 2.960841 -4.793165 -2.825981 -1.327185
931 0.171647 0.935148 3.332693 -4.586936 -1.372142 1.958789 0.133386 0.583118 1.995408
932 4.724978 4.739378 3.594068 3.441059 4.762099 -1.433024 4.136951 -4.693797 4.432327
933 3.014817 4.279694 -4.362334 -4.191434 -4.391955 2.053411 -0.76831 0.718022 4.710465
934 -4.049724 1.859794 0.175017 3.606493 2.19885 1.103456 3.851484 2.279651 -4.105188
935 1.381526 -1.309075 -1.722604 1.615588 -4.343343 -4.65276 1.845145 -4.421509 0.921881
936 4.642021 -3.313136 -2.514328 3.842594 2.411955 -2.106161 -2.162547 -0.529624 0.395127
937 3.520727 0.155731 1.580417 1.113308 -3.351086 -4.098438 -3.952377 1.794023 0.434852
938 -4.698215 -3.935078 4.220211 -0.459886 3.598151 2.013442 -3.517282 1.074921 -2.40378
939 -1.087661 -1.243866 0.064882 -4.73218 1.023815 -3.583618 2.616334 0.677723 -4.505969
940 2.702054 2.632152 4.135636 -4.87539 1.797555 3.169287 -0.643222 -4.680262 3.007229
941 -1.578314 -3.539035 -2.796316 0.856342 4.243495 4.7168 -4.994729 -2.209199 -2.201449
942 4.686034 -4.595889 1.966722 -1.509255 -4.498469 -4.486111 1.976055 0.073765 2.314623
943 -4.342965 4.167309 4.353069 2.401052 3.36838 -1.812409 2.902057 -1.508249 -1.00402
944 4.132867 -0.389353 -3.079112 -1.467064 1.804413 4.868095 1.223737 2.46337 3.26871
945 -3.625705 2.66538 -3.142626 -0.712238 1.991291 -4.654051 4.459999 2.022074 -0.485386
946 -0.804576 3.238162 -3.71167 1.843696 4.113849 -3.962608 -4.606211 -3.379972 -4.848719
947 -0.951184 -2.993867 -4.740909 4.980174 -2.534288 -2.920451 -3.473789 0.97211 -0.906961
948 2.451938 0.25526 2.465733 -1.589572 -0.121627 3.707531 0.63986 3.31323 0.87551
949 3.893769 4.302259 -0.627324 0.743483 -1.403689 3.042181 -1.819762 -3.990175 -1.165552
950 0.026983 -2.24466 -4.66841 -0.551761 3.489937 4.882242 -4.990425 2.03841 -0.252985
951 -4.509442 3.283093 -3.688939 -2.175117 -1.852501 -3.639108 1.405914 2.781315 4.400236
952 4.005099 -1.384765 2.507579 -1.883903 -2.013108 4.111822 0.935563 0.27942 -0.692971
953 -0.79851 -1.953481 -1.507903 -0.150972 -1.320518 -1.155282 1.442752 4.733713 -3.30081
954 3.595846 -1.791143 -3.039265 1.059404 -1.087622 1.519384 -1.109708 -2.326413 2.080461
955 3.222475 -0.83746 3.891762 2.835495 1.790132 0.999685 -0.398035 -0.745859 1.650147
956 3.461782 -3.347063 -2.196495 1.209333 4.149978 -0.359844 0.797536 1.698266 -4.475795
957 -2.378121 -2.981256 0.189921 -0.324957 2.3326 -4.098125 -0.430912 0.126957 -4.71009
958 -1.097141 -1.491929 0.918865 -0.967808 -1.562461 2.06061 -3.419667 -4.938155 2.473598
959 -1.19109 0.56078 -1.889451 -2.769014 -1.078386 -3.348364 4.790145 -4.075508 -4.035416
960 -0.353944 2.465973 3.722362 4.720787 2.397944 4.619161 -4.933103 -2.439154 3.125217
961 2.969772 -0.944616 2.14056 -1.672597 0.130416 1.555926 -3.391037 -3.710374 1.184959
962 -2.771047 -3.760935 -4.303507 -4.183887 -3.907942 4.197549 1.310442 3.893794 -4.564508
963 0.033615 -1.400872 4.843049 0.936999 -4.654937 0.50951 1.62567 -4.13462 2.593399
964 1.023709 0.130047 -0.906823 -1.930784 2.523228 3.862216 -0.101448 -1.443036 1.49459
965 1.39616 -4.012103 2.621175 0.815558 3.931212 2.426516 -3.363736 -4.313106 3.650707
966 -4.73607 1.868605 1.309268 -0.548766 -0.699683 -0.055775 -1.991821 2.055074 2.26118
967 -0.585511 0.69135 1.713337 4.682102 2.222909 -1.172135 -4.237178 3.785005 -3.537132
968 4.949815 4.237188 -2.56175 -0.477443 -2.163395 2.212997 -1.599485 -2.99987 -4.005985
969 4.536168 -3.11105 -1.535294 2.327091 -3.583948 -3.771228 -1.912344 0.576105 3.936314
970 1.597911 -4.475718 -0.40272 4.301756 1.63291 1.263023 -4.856599 -2.917861 0.599228
971 -4.020705 -4.516776 4.924168 -2.540302 3.907188 -3.729839 -4.597349 -4.048811 -2.282871
972 -4.106012 -4.77315 -1.713143 -4.283727 0.039148 1.99813 -2.334531 -3.217896 -0.77642
973 0.75456 4.830692 0.809966 -3.493292 -2.742903 3.567059 -0.43643 1.045524 0.653541
974 3.837588 1.566669 2.825385 0.955464 -4.912953 2.363075 -0.227442 -0.82131 -1.914731
975 2.417836 4.249694 -3.638803 -3.900807 -1.230541 -2.519385 -1.894983 -1.587862 0.490858
976 -2.197635 -0.940076 3.812906 0.031369 0.529129 -0.188143 1.640674 -4.429071 2.175078
977 -2.664927 -3.796862 1.503251 2.920455 -1.920897 2.933708 1.247753 0.161113 4.257123
978 -2.0938 -3.500708 2.994143 -4.872034 -3.128565 -3.581132 -1.265875 -2.253253 4.178797
979 3.307839 0.260457 4.449015 4.825195 -2.037029 2.577395 -3.896055 0.747354 -2.797683
980 -1.424349 1.415045 -0.083349 -1.054188 -1.019483 -1.45642 -0.161215 -1.019164 -3.555281
981 -4.863686 -0.372142 -4.922048 -4.984105 -4.250765 -2.345504 2.991972 0.861116 1.622154
982 -2.920233 -4.471595 3.836705 0.840668 -0.318938 -0.928092 -3.164655 3.787479 3.884803
983 -4.341761 3.822627 -0.620995 3.449928 0.500745 -3.04053 3.901065 0.288249 3.121366
984 3.115864 3.635781 4.240689 -2.953357 3.072681 3.649633 2.035908 1.449946 -1.022355
985 -4.511248 -2.017195 -1.617793 3.32795 -2.673475 2.21123 1.389089 2.348965 -2.96609
986 -4.476684 2.51183 4.018903 -4.300656 3.9371 0.174428 2.553442 4.947874 -0.413745
987 -4.029572 0.87525 4.301235 3.12146 -1.644271 -2.552052 1.407068 2.86018 -4.026078
988 -1.339229 -0.551484 -4.42513 2.726307 -2.035085 -1.426475 -4.548964 -3.70304 3.015606
989 2.58853 4.614935 -4.895293 -3.713394 -0.707167 -2.817934 -0.894319 4.496636 2.578773
990 -3.411272 -4.003213 -0.995173 -2.393242 4.039465 -2.38515 -1.553815 -3.635368 4.213262
991 0.372365 1.783639 1.652555 3.429149 0.345072 1.269401 -3.589404 1.870686 -1.777175
992 -4.763854 -1.66113 -4.255624 4.860616 -2.79456 -0.864312 -2.661731 2.863637 2.446912
993 -4.818331 1.058758 -2.574326 0.223511 -0.192712 1.9943 0.772761 1.653063 2.073329
994 -4.258557 0.522542 4.065206 -2.480559 -2.381865 -1.708982 -0.660068 2.08559 3.026114
995 2.05183 3.177702 -1.794674 1.930099 -4.382576 1.344071 -2.121695 -2.37957 -1.399374
996 2.608984 3.319453 1.258076 -2.23578 2.520078 2.447847 -1.704073 1.315577 -0.558789
997 4.957645 -3.556287 0.678778 -3.418758 4.382069 3.409364 -1.512796 2.47057 -1.191001
998 4.18026 -3.953357 0.792501 4.708173 3.869016 -0.887006 -0.933111 -1.074901 2.249767
999 -1.406483 -0.78453 -1.905292 -2.715222 1.807802 3.161329 3.919413 1.581713 -4.568508
1000 4.563668 -1.461104 -4.327695 2.452002 -1.336327 0.263407 -3.18329 3.852666 2.910105
